1530, 1531, 1532, 1533, 1534, 1535, 1536, 1537, 1538, 1539, 1540, 1541, 1542, 1543, 1544, 1710, 1711, 1712, 1713, 1714, 1715, 1716, 1717, 1718, 1719, 1720, 1721, 1722, 1723, 1724, 1995, 1996, 1997, 1998, 1999, 2000, 2001, 2002, 2003, 2004, 2005, 2006, 2007, 2008, 2009, 2235, 2236, 2237, 2238, 2239, 2240, 2241, 2242, 2243, 2244, 2245, 2246, 2247, 2248, 2249, 2310, 2311, 2312, 2313, 2314, 2315, 2316, 2317, 2318, 2319, 2320, 2321, 2322, 2323, 2324, 2400, 2401, 2402, 2403, 2404, 2405, 2406, 2407, 2408, 2409, 2410, 2411, 2412, 2413, 2414, 2625, 2626, 2627, 2628, 2629, 2630, 2631, 2632, 2633, 2634, 2635, 2636, 2637, 2638, 2639, 2700, 2701, 2702, 2703, 2704, 2705, 2706, 2707, 2708, 2709, 2710, 2711, 2712, 2713, 2714, 2715, 2716, 2717, 2718, 2719, 2720, 2721, 2722, 2723, 2724, 2725, 2726, 2727, 2728, 2729, 2880, 2881, 2882, 2883, 2884, 2885, 2886, 2887, 2888, 2889, 2890, 2891, 2892, 2893, 2894, 3360, 3361, 3362, 3363, 3364, 3365, 3366, 3367, 3368, 3369, 3370, 3371, 3372, 3373, 3374, 3450, 3451, 3452, 3453, 3454, 3455, 3456, 3457, 3458, 3459, 3460, 3461, 3462, 3463, 3464, 3465, 3466, 3467, 3468, 3469, 3470, 3471, 3472, 3473, 3474, 3475, 3476, 3477, 3478, 3479, 3600, 3601, 3602, 3603, 3604, 3605, 3606, 3607, 3608, 3609, 3610, 3611, 3612, 3613, 3614, 3735, 3736, 3737, 3738, 3739, 3740, 3741, 3742, 3743, 3744, 3745, 3746, 3747, 3748, 3749, 3810, 3811, 3812, 3813, 3814, 3815, 3816, 3817, 3818, 3819, 3820, 3821, 3822, 3823, 3824, 3840, 3841, 3842, 3843, 3844, 3845, 3846, 3847, 3848, 3849, 3850, 3851, 3852, 3853, 3854, 3945, 3946, 3947, 3948, 3949, 3950, 3951, 3952, 3953, 3954, 3955, 3956, 3957, 3958, 3959, 3960, 3961, 3962, 3963, 3964, 3965, 3966, 3967, 3968, 3969, 3970, 3971, 3972, 3973, 3974, 4080, 4081, 4082, 4083, 4084, 4085, 4086, 4087, 4088, 4089, 4090, 4091, 4092, 4093, 4094, 4125, 4126, 4127, 4128, 4129, 4130, 4131, 4132, 4133, 4134, 4135, 4136, 4137, 4138, 4139, 4155, 4156, 4157, 4158, 4159, 4160, 4161, 4162, 4163, 4164, 4165, 4166, 4167, 4168, 4169, 4305, 4306, 4307, 4308, 4309, 4310, 4311, 4312, 4313, 4314, 4315, 4316, 4317, 4318, 4319, 4320, 4321, 4322, 4323, 4324, 4325, 4326, 4327, 4328, 4329, 4330, 4331, 4332, 4333, 4334, 4335, 4336, 4337, 4338, 4339, 4340, 4341, 4342, 4343, 4344, 4345, 4346, 4347, 4348, 4349, 4350, 4351, 4352, 4353, 4354, 4355, 4356, 4357, 4358, 4359, 4360, 4361, 4362, 4363, 4364, 4365, 4366, 4367, 4368, 4369, 4370, 4371, 4372, 4373, 4374, 4375, 4376, 4377, 4378, 4379, 4440, 4441, 4442, 4443, 4444, 4445, 4446, 4447, 4448, 4449, 4450, 4451, 4452, 4453, 4454, 4530, 4531, 4532, 4533, 4534, 4535, 4536, 4537, 4538, 4539, 4540, 4541, 4542, 4543, 4544, 4695, 4696, 4697, 4698, 4699, 4700, 4701, 4702, 4703, 4704, 4705, 4706, 4707, 4708, 4709, 4860, 4861, 4862, 4863, 4864, 4865, 4866, 4867, 4868, 4869, 4870, 4871, 4872, 4873, 4874, 4890, 4891, 4892, 4893, 4894, 4895, 4896, 4897, 4898, 4899, 4900, 4901, 4902, 4903, 4904, 4920, 4921, 4922, 4923, 4924, 4925, 4926, 4927, 4928, 4929, 4930, 4931, 4932, 4933, 4934, 5130, 5131, 5132, 5133, 5134, 5135, 5136, 5137, 5138, 5139, 5140, 5141, 5142, 5143, 5144, 5205, 5206, 5207, 5208, 5209, 5210, 5211, 5212, 5213, 5214, 5215, 5216, 5217, 5218, 5219, 5220, 5221, 5222, 5223, 5224, 5225, 5226, 5227, 5228, 5229, 5230, 5231, 5232, 5233, 5234, 5280, 5281, 5282, 5283, 5284, 5285, 5286, 5287, 5288, 5289, 5290, 5291, 5292, 5293, 5294, 5310, 5311, 5312, 5313, 5314, 5315, 5316, 5317, 5318, 5319, 5320, 5321, 5322, 5323, 5324, 5670, 5671, 5672, 5673, 5674, 5675, 5676, 5677, 5678, 5679, 5680, 5681, 5682, 5683, 5684, 5790, 5791, 5792, 5793, 5794, 5795, 5796, 5797, 5798, 5799, 5800, 5801, 5802, 5803, 5804, 
1530, 1531, 1532, 1533, 1534, 1535, 1536, 1537, 1538, 1539, 1540, 1541, 1542, 1543, 1544, 1710, 1711, 1712, 1713, 1714, 1715, 1716, 1717, 1718, 1719, 1720, 1721, 1722, 1723, 1724, 1995, 1996, 1997, 1998, 1999, 2000, 2001, 2002, 2003, 2004, 2005, 2006, 2007, 2008, 2009, 2235, 2236, 2237, 2238, 2239, 2240, 2241, 2242, 2243, 2244, 2245, 2246, 2247, 2248, 2249, 2310, 2311, 2312, 2313, 2314, 2315, 2316, 2317, 2318, 2319, 2320, 2321, 2322, 2323, 2324, 2400, 2401, 2402, 2403, 2404, 2405, 2406, 2407, 2408, 2409, 2410, 2411, 2412, 2413, 2414, 2625, 2626, 2627, 2628, 2629, 2630, 2631, 2632, 2633, 2634, 2635, 2636, 2637, 2638, 2639, 2700, 2701, 2702, 2703, 2704, 2705, 2706, 2707, 2708, 2709, 2710, 2711, 2712, 2713, 2714, 2715, 2716, 2717, 2718, 2719, 2720, 2721, 2722, 2723, 2724, 2725, 2726, 2727, 2728, 2729, 2880, 2881, 2882, 2883, 2884, 2885, 2886, 2887, 2888, 2889, 2890, 2891, 2892, 2893, 2894, 3360, 3361, 3362, 3363, 3364, 3365, 3366, 3367, 3368, 3369, 3370, 3371, 3372, 3373, 3374, 3450, 3451, 3452, 3453, 3454, 3455, 3456, 3457, 3458, 3459, 3460, 3461, 3462, 3463, 3464, 3465, 3466, 3467, 3468, 3469, 3470, 3471, 3472, 3473, 3474, 3475, 3476, 3477, 3478, 3479, 3600, 3601, 3602, 3603, 3604, 3605, 3606, 3607, 3608, 3609, 3610, 3611, 3612, 3613, 3614, 3735, 3736, 3737, 3738, 3739, 3740, 3741, 3742, 3743, 3744, 3745, 3746, 3747, 3748, 3749, 3810, 3811, 3812, 3813, 3814, 3815, 3816, 3817, 3818, 3819, 3820, 3821, 3822, 3823, 3824, 3840, 3841, 3842, 3843, 3844, 3845, 3846, 3847, 3848, 3849, 3850, 3851, 3852, 3853, 3854, 3945, 3946, 3947, 3948, 3949, 3950, 3951, 3952, 3953, 3954, 3955, 3956, 3957, 3958, 3959, 3960, 3961, 3962, 3963, 3964, 3965, 3966, 3967, 3968, 3969, 3970, 3971, 3972, 3973, 3974, 4080, 4081, 4082, 4083, 4084, 4085, 4086, 4087, 4088, 4089, 4090, 4091, 4092, 4093, 4094, 4125, 4126, 4127, 4128, 4129, 4130, 4131, 4132, 4133, 4134, 4135, 4136, 4137, 4138, 4139, 4155, 4156, 4157, 4158, 4159, 4160, 4161, 4162, 4163, 4164, 4165, 4166, 4167, 4168, 4169, 4305, 4306, 4307, 4308, 4309, 4310, 4311, 4312, 4313, 4314, 4315, 4316, 4317, 4318, 4319, 4320, 4321, 4322, 4323, 4324, 4325, 4326, 4327, 4328, 4329, 4330, 4331, 4332, 4333, 4334, 4335, 4336, 4337, 4338, 4339, 4340, 4341, 4342, 4343, 4344, 4345, 4346, 4347, 4348, 4349, 4350, 4351, 4352, 4353, 4354, 4355, 4356, 4357, 4358, 4359, 4360, 4361, 4362, 4363, 4364, 4365, 4366, 4367, 4368, 4369, 4370, 4371, 4372, 4373, 4374, 4375, 4376, 4377, 4378, 4379, 4440, 4441, 4442, 4443, 4444, 4445, 4446, 4447, 4448, 4449, 4450, 4451, 4452, 4453, 4454, 4530, 4531, 4532, 4533, 4534, 4535, 4536, 4537, 4538, 4539, 4540, 4541, 4542, 4543, 4544, 4695, 4696, 4697, 4698, 4699, 4700, 4701, 4702, 4703, 4704, 4705, 4706, 4707, 4708, 4709, 4860, 4861, 4862, 4863, 4864, 4865, 4866, 4867, 4868, 4869, 4870, 4871, 4872, 4873, 4874, 4890, 4891, 4892, 4893, 4894, 4895, 4896, 4897, 4898, 4899, 4900, 4901, 4902, 4903, 4904, 4920, 4921, 4922, 4923, 4924, 4925, 4926, 4927, 4928, 4929, 4930, 4931, 4932, 4933, 4934, 5130, 5131, 5132, 5133, 5134, 5135, 5136, 5137, 5138, 5139, 5140, 5141, 5142, 5143, 5144, 5205, 5206, 5207, 5208, 5209, 5210, 5211, 5212, 5213, 5214, 5215, 5216, 5217, 5218, 5219, 5220, 5221, 5222, 5223, 5224, 5225, 5226, 5227, 5228, 5229, 5230, 5231, 5232, 5233, 5234, 5280, 5281, 5282, 5283, 5284, 5285, 5286, 5287, 5288, 5289, 5290, 5291, 5292, 5293, 5294, 5310, 5311, 5312, 5313, 5314, 5315, 5316, 5317, 5318, 5319, 5320, 5321, 5322, 5323, 5324, 5670, 5671, 5672, 5673, 5674, 5675, 5676, 5677, 5678, 5679, 5680, 5681, 5682, 5683, 5684, 5790, 5791, 5792, 5793, 5794, 5795, 5796, 5797, 5798, 5799, 5800, 5801, 5802, 5803, 5804, 
1530, 1531, 1532, 1533, 1534, 1535, 1536, 1537, 1538, 1539, 1540, 1541, 1542, 1543, 1544, 1710, 1711, 1712, 1713, 1714, 1715, 1716, 1717, 1718, 1719, 1720, 1721, 1722, 1723, 1724, 1995, 1996, 1997, 1998, 1999, 2000, 2001, 2002, 2003, 2004, 2005, 2006, 2007, 2008, 2009, 2235, 2236, 2237, 2238, 2239, 2240, 2241, 2242, 2243, 2244, 2245, 2246, 2247, 2248, 2249, 2310, 2311, 2312, 2313, 2314, 2315, 2316, 2317, 2318, 2319, 2320, 2321, 2322, 2323, 2324, 2400, 2401, 2402, 2403, 2404, 2405, 2406, 2407, 2408, 2409, 2410, 2411, 2412, 2413, 2414, 2625, 2626, 2627, 2628, 2629, 2630, 2631, 2632, 2633, 2634, 2635, 2636, 2637, 2638, 2639, 2700, 2701, 2702, 2703, 2704, 2705, 2706, 2707, 2708, 2709, 2710, 2711, 2712, 2713, 2714, 2715, 2716, 2717, 2718, 2719, 2720, 2721, 2722, 2723, 2724, 2725, 2726, 2727, 2728, 2729, 2880, 2881, 2882, 2883, 2884, 2885, 2886, 2887, 2888, 2889, 2890, 2891, 2892, 2893, 2894, 3360, 3361, 3362, 3363, 3364, 3365, 3366, 3367, 3368, 3369, 3370, 3371, 3372, 3373, 3374, 3450, 3451, 3452, 3453, 3454, 3455, 3456, 3457, 3458, 3459, 3460, 3461, 3462, 3463, 3464, 3465, 3466, 3467, 3468, 3469, 3470, 3471, 3472, 3473, 3474, 3475, 3476, 3477, 3478, 3479, 3600, 3601, 3602, 3603, 3604, 3605, 3606, 3607, 3608, 3609, 3610, 3611, 3612, 3613, 3614, 3735, 3736, 3737, 3738, 3739, 3740, 3741, 3742, 3743, 3744, 3745, 3746, 3747, 3748, 3749, 3810, 3811, 3812, 3813, 3814, 3815, 3816, 3817, 3818, 3819, 3820, 3821, 3822, 3823, 3824, 3840, 3841, 3842, 3843, 3844, 3845, 3846, 3847, 3848, 3849, 3850, 3851, 3852, 3853, 3854, 3945, 3946, 3947, 3948, 3949, 3950, 3951, 3952, 3953, 3954, 3955, 3956, 3957, 3958, 3959, 3960, 3961, 3962, 3963, 3964, 3965, 3966, 3967, 3968, 3969, 3970, 3971, 3972, 3973, 3974, 4080, 4081, 4082, 4083, 4084, 4085, 4086, 4087, 4088, 4089, 4090, 4091, 4092, 4093, 4094, 4125, 4126, 4127, 4128, 4129, 4130, 4131, 4132, 4133, 4134, 4135, 4136, 4137, 4138, 4139, 4155, 4156, 4157, 4158, 4159, 4160, 4161, 4162, 4163, 4164, 4165, 4166, 4167, 4168, 4169, 4305, 4306, 4307, 4308, 4309, 4310, 4311, 4312, 4313, 4314, 4315, 4316, 4317, 4318, 4319, 4320, 4321, 4322, 4323, 4324, 4325, 4326, 4327, 4328, 4329, 4330, 4331, 4332, 4333, 4334, 4335, 4336, 4337, 4338, 4339, 4340, 4341, 4342, 4343, 4344, 4345, 4346, 4347, 4348, 4349, 4350, 4351, 4352, 4353, 4354, 4355, 4356, 4357, 4358, 4359, 4360, 4361, 4362, 4363, 4364, 4365, 4366, 4367, 4368, 4369, 4370, 4371, 4372, 4373, 4374, 4375, 4376, 4377, 4378, 4379, 4440, 4441, 4442, 4443, 4444, 4445, 4446, 4447, 4448, 4449, 4450, 4451, 4452, 4453, 4454, 4530, 4531, 4532, 4533, 4534, 4535, 4536, 4537, 4538, 4539, 4540, 4541, 4542, 4543, 4544, 4695, 4696, 4697, 4698, 4699, 4700, 4701, 4702, 4703, 4704, 4705, 4706, 4707, 4708, 4709, 4860, 4861, 4862, 4863, 4864, 4865, 4866, 4867, 4868, 4869, 4870, 4871, 4872, 4873, 4874, 4890, 4891, 4892, 4893, 4894, 4895, 4896, 4897, 4898, 4899, 4900, 4901, 4902, 4903, 4904, 4920, 4921, 4922, 4923, 4924, 4925, 4926, 4927, 4928, 4929, 4930, 4931, 4932, 4933, 4934, 5130, 5131, 5132, 5133, 5134, 5135, 5136, 5137, 5138, 5139, 5140, 5141, 5142, 5143, 5144, 5205, 5206, 5207, 5208, 5209, 5210, 5211, 5212, 5213, 5214, 5215, 5216, 5217, 5218, 5219, 5220, 5221, 5222, 5223, 5224, 5225, 5226, 5227, 5228, 5229, 5230, 5231, 5232, 5233, 5234, 5280, 5281, 5282, 5283, 5284, 5285, 5286, 5287, 5288, 5289, 5290, 5291, 5292, 5293, 5294, 5310, 5311, 5312, 5313, 5314, 5315, 5316, 5317, 5318, 5319, 5320, 5321, 5322, 5323, 5324, 5670, 5671, 5672, 5673, 5674, 5675, 5676, 5677, 5678, 5679, 5680, 5681, 5682, 5683, 5684, 5790, 5791, 5792, 5793, 5794, 5795, 5796, 5797, 5798, 5799, 5800, 5801, 5802, 5803, 5804, 
1530, 1531, 1532, 1533, 1534, 1535, 1536, 1537, 1538, 1539, 1540, 1541, 1542, 1543, 1544, 1710, 1711, 1712, 1713, 1714, 1715, 1716, 1717, 1718, 1719, 1720, 1721, 1722, 1723, 1724, 1995, 1996, 1997, 1998, 1999, 2000, 2001, 2002, 2003, 2004, 2005, 2006, 2007, 2008, 2009, 2235, 2236, 2237, 2238, 2239, 2240, 2241, 2242, 2243, 2244, 2245, 2246, 2247, 2248, 2249, 2310, 2311, 2312, 2313, 2314, 2315, 2316, 2317, 2318, 2319, 2320, 2321, 2322, 2323, 2324, 2400, 2401, 2402, 2403, 2404, 2405, 2406, 2407, 2408, 2409, 2410, 2411, 2412, 2413, 2414, 2625, 2626, 2627, 2628, 2629, 2630, 2631, 2632, 2633, 2634, 2635, 2636, 2637, 2638, 2639, 2700, 2701, 2702, 2703, 2704, 2705, 2706, 2707, 2708, 2709, 2710, 2711, 2712, 2713, 2714, 2715, 2716, 2717, 2718, 2719, 2720, 2721, 2722, 2723, 2724, 2725, 2726, 2727, 2728, 2729, 2880, 2881, 2882, 2883, 2884, 2885, 2886, 2887, 2888, 2889, 2890, 2891, 2892, 2893, 2894, 3360, 3361, 3362, 3363, 3364, 3365, 3366, 3367, 3368, 3369, 3370, 3371, 3372, 3373, 3374, 3450, 3451, 3452, 3453, 3454, 3455, 3456, 3457, 3458, 3459, 3460, 3461, 3462, 3463, 3464, 3465, 3466, 3467, 3468, 3469, 3470, 3471, 3472, 3473, 3474, 3475, 3476, 3477, 3478, 3479, 3600, 3601, 3602, 3603, 3604, 3605, 3606, 3607, 3608, 3609, 3610, 3611, 3612, 3613, 3614, 3735, 3736, 3737, 3738, 3739, 3740, 3741, 3742, 3743, 3744, 3745, 3746, 3747, 3748, 3749, 3810, 3811, 3812, 3813, 3814, 3815, 3816, 3817, 3818, 3819, 3820, 3821, 3822, 3823, 3824, 3840, 3841, 3842, 3843, 3844, 3845, 3846, 3847, 3848, 3849, 3850, 3851, 3852, 3853, 3854, 3945, 3946, 3947, 3948, 3949, 3950, 3951, 3952, 3953, 3954, 3955, 3956, 3957, 3958, 3959, 3960, 3961, 3962, 3963, 3964, 3965, 3966, 3967, 3968, 3969, 3970, 3971, 3972, 3973, 3974, 4080, 4081, 4082, 4083, 4084, 4085, 4086, 4087, 4088, 4089, 4090, 4091, 4092, 4093, 4094, 4125, 4126, 4127, 4128, 4129, 4130, 4131, 4132, 4133, 4134, 4135, 4136, 4137, 4138, 4139, 4155, 4156, 4157, 4158, 4159, 4160, 4161, 4162, 4163, 4164, 4165, 4166, 4167, 4168, 4169, 4305, 4306, 4307, 4308, 4309, 4310, 4311, 4312, 4313, 4314, 4315, 4316, 4317, 4318, 4319, 4320, 4321, 4322, 4323, 4324, 4325, 4326, 4327, 4328, 4329, 4330, 4331, 4332, 4333, 4334, 4335, 4336, 4337, 4338, 4339, 4340, 4341, 4342, 4343, 4344, 4345, 4346, 4347, 4348, 4349, 4350, 4351, 4352, 4353, 4354, 4355, 4356, 4357, 4358, 4359, 4360, 4361, 4362, 4363, 4364, 4365, 4366, 4367, 4368, 4369, 4370, 4371, 4372, 4373, 4374, 4375, 4376, 4377, 4378, 4379, 4440, 4441, 4442, 4443, 4444, 4445, 4446, 4447, 4448, 4449, 4450, 4451, 4452, 4453, 4454, 4530, 4531, 4532, 4533, 4534, 4535, 4536, 4537, 4538, 4539, 4540, 4541, 4542, 4543, 4544, 4695, 4696, 4697, 4698, 4699, 4700, 4701, 4702, 4703, 4704, 4705, 4706, 4707, 4708, 4709, 4860, 4861, 4862, 4863, 4864, 4865, 4866, 4867, 4868, 4869, 4870, 4871, 4872, 4873, 4874, 4890, 4891, 4892, 4893, 4894, 4895, 4896, 4897, 4898, 4899, 4900, 4901, 4902, 4903, 4904, 4920, 4921, 4922, 4923, 4924, 4925, 4926, 4927, 4928, 4929, 4930, 4931, 4932, 4933, 4934, 5130, 5131, 5132, 5133, 5134, 5135, 5136, 5137, 5138, 5139, 5140, 5141, 5142, 5143, 5144, 5205, 5206, 5207, 5208, 5209, 5210, 5211, 5212, 5213, 5214, 5215, 5216, 5217, 5218, 5219, 5220, 5221, 5222, 5223, 5224, 5225, 5226, 5227, 5228, 5229, 5230, 5231, 5232, 5233, 5234, 5280, 5281, 5282, 5283, 5284, 5285, 5286, 5287, 5288, 5289, 5290, 5291, 5292, 5293, 5294, 5310, 5311, 5312, 5313, 5314, 5315, 5316, 5317, 5318, 5319, 5320, 5321, 5322, 5323, 5324, 5670, 5671, 5672, 5673, 5674, 5675, 5676, 5677, 5678, 5679, 5680, 5681, 5682, 5683, 5684, 5790, 5791, 5792, 5793, 5794, 5795, 5796, 5797, 5798, 5799, 5800, 5801, 5802, 5803, 5804, 
1533, 1717, 2006, 2247, 2324, 2411, 2634, 2703, 2722, 2892, 3364, 3457, 3471, 3609, 3748, 3813, 3843, 3954, 3974, 4083, 4134, 4158, 4306, 4333, 4339, 4353, 4365, 4450, 4542, 4699, 4862, 4903, 4926, 5142, 5219, 5221, 5289, 5318, 5670, 5792, 
1533, 1717, 2006, 2247, 2324, 2411, 2634, 2703, 2722, 2892, 3364, 3457, 3471, 3609, 3748, 3813, 3843, 3954, 3974, 4083, 4134, 4158, 4306, 4333, 4339, 4353, 4365, 4450, 4542, 4699, 4862, 4903, 4926, 5142, 5219, 5221, 5289, 5318, 5670, 5792, 
1533, 1717, 2006, 2247, 2324, 2411, 2634, 2703, 2722, 2892, 3364, 3457, 3471, 3609, 3748, 3813, 3843, 3954, 3974, 4083, 4134, 4158, 4306, 4333, 4339, 4353, 4365, 4450, 4542, 4699, 4862, 4903, 4926, 5142, 5219, 5221, 5289, 5318, 5670, 5792, 
1533, 1717, 2006, 2247, 2324, 2411, 2634, 2703, 2722, 2892, 3364, 3457, 3471, 3609, 3748, 3813, 3843, 3954, 3974, 4083, 4134, 4158, 4306, 4333, 4339, 4353, 4365, 4450, 4542, 4699, 4862, 4903, 4926, 5142, 5219, 5221, 5289, 5318, 5670, 5792, 
1533, 1717, 2006, 2247, 2324, 2411, 2634, 2703, 2722, 2892, 3364, 3457, 3471, 3609, 3748, 3813, 3843, 3954, 3974, 4083, 4134, 4158, 4306, 4333, 4339, 4353, 4365, 4450, 4542, 4699, 4862, 4903, 4926, 5142, 5219, 5221, 5289, 5318, 5670, 5792, 
1533, 1717, 2006, 2247, 2324, 2411, 2634, 2703, 2722, 2892, 3364, 3457, 3471, 3609, 3748, 3813, 3843, 3954, 3974, 4083, 4134, 4158, 4306, 4333, 4339, 4353, 4365, 4450, 4542, 4699, 4862, 4903, 4926, 5142, 5219, 5221, 5289, 5318, 5670, 5792, 
1533, 1717, 2006, 2247, 2324, 2411, 2634, 2703, 2722, 2892, 3364, 3457, 3471, 3609, 3748, 3813, 3843, 3954, 3974, 4083, 4134, 4158, 4306, 4333, 4339, 4353, 4365, 4450, 4542, 4699, 4862, 4903, 4926, 5142, 5219, 5221, 5289, 5318, 5670, 5792, 
1533, 1717, 2006, 2247, 2324, 2411, 2634, 2703, 2722, 2892, 3364, 3457, 3471, 3609, 3748, 3813, 3843, 3954, 3974, 4083, 4134, 4158, 4306, 4333, 4339, 4353, 4365, 4450, 4542, 4699, 4862, 4903, 4926, 5142, 5219, 5221, 5289, 5318, 5670, 5792, 
1533, 1717, 2006, 2247, 2324, 2411, 2634, 2703, 2722, 2892, 3364, 3457, 3471, 3609, 3748, 3813, 3843, 3954, 3974, 4083, 4134, 4158, 4306, 4333, 4339, 4353, 4365, 4450, 4542, 4699, 4862, 4903, 4926, 5142, 5219, 5221, 5289, 5318, 5670, 5792, 
1533, 1717, 2006, 2247, 2324, 2411, 2634, 2703, 2722, 2892, 3364, 3457, 3471, 3609, 3748, 3813, 3843, 3954, 3974, 4083, 4134, 4158, 4306, 4333, 4339, 4353, 4365, 4450, 4542, 4699, 4862, 4903, 4926, 5142, 5219, 5221, 5289, 5318, 5670, 5792, 
1533, 1717, 2006, 2247, 2324, 2411, 2634, 2703, 2722, 2892, 3364, 3457, 3471, 3609, 3748, 3813, 3843, 3954, 3974, 4083, 4134, 4158, 4306, 4333, 4339, 4353, 4365, 4450, 4542, 4699, 4862, 4903, 4926, 5142, 5219, 5221, 5289, 5318, 5670, 5792, 
1533, 1717, 2006, 2247, 2324, 2411, 2634, 2703, 2722, 2892, 3364, 3457, 3471, 3609, 3748, 3813, 3843, 3954, 3974, 4083, 4134, 4158, 4306, 4333, 4339, 4353, 4365, 4450, 4542, 4699, 4862, 4903, 4926, 5142, 5219, 5221, 5289, 5318, 5670, 5792, 
1533, 1717, 2006, 2247, 2324, 2411, 2634, 2703, 2722, 2892, 3364, 3457, 3471, 3609, 3748, 3813, 3843, 3954, 3974, 4083, 4134, 4158, 4306, 4333, 4339, 4353, 4365, 4450, 4542, 4699, 4862, 4903, 4926, 5142, 5219, 5221, 5289, 5318, 5670, 5792, 
1533, 1717, 2006, 2247, 2324, 2411, 2634, 2703, 2722, 2892, 3364, 3457, 3471, 3609, 3748, 3813, 3843, 3954, 3974, 4083, 4134, 4158, 4306, 4333, 4339, 4353, 4365, 4450, 4542, 4699, 4862, 4903, 4926, 5142, 5219, 5221, 5289, 5318, 5670, 5792, 
1533, 1717, 2006, 2247, 2324, 2411, 2634, 2703, 2722, 2892, 3364, 3457, 3471, 3609, 3748, 3813, 3843, 3954, 3974, 4083, 4134, 4158, 4306, 4333, 4339, 4353, 4365, 4450, 4542, 4699, 4862, 4903, 4926, 5142, 5219, 5221, 5289, 5318, 5670, 5792, 
1533, 1717, 2006, 2247, 2324, 2411, 2634, 2703, 2722, 2892, 3364, 3457, 3471, 3609, 3748, 3813, 3843, 3954, 3974, 4083, 4134, 4158, 4306, 4333, 4339, 4353, 4365, 4450, 4542, 4699, 4862, 4903, 4926, 5142, 5219, 5221, 5289, 5318, 5670, 5792, 
1533, 1717, 2006, 2247, 2324, 2411, 2634, 2703, 2722, 2892, 3364, 3457, 3471, 3609, 3748, 3813, 3843, 3954, 3974, 4083, 4134, 4158, 4306, 4333, 4339, 4353, 4365, 4450, 4542, 4699, 4862, 4903, 4926, 5142, 5219, 5221, 5289, 5318, 5670, 5792, 
1533, 1717, 2006, 2247, 2324, 2411, 2634, 2703, 2722, 2892, 3364, 3457, 3471, 3609, 3748, 3813, 3843, 3954, 3974, 4083, 4134, 4158, 4306, 4333, 4339, 4353, 4365, 4450, 4542, 4699, 4862, 4903, 4926, 5142, 5219, 5221, 5289, 5318, 5670, 5792, 
1533, 1717, 2006, 2247, 2324, 2411, 2634, 2703, 2722, 2892, 3364, 3457, 3471, 3609, 3748, 3813, 3843, 3954, 3974, 4083, 4134, 4158, 4306, 4333, 4339, 4353, 4365, 4450, 4542, 4699, 4862, 4903, 4926, 5142, 5219, 5221, 5289, 5318, 5670, 5792, 
1533, 1717, 2006, 2247, 2324, 2411, 2634, 2703, 2722, 2892, 3364, 3457, 3471, 3609, 3748, 3813, 3843, 3954, 3974, 4083, 4134, 4158, 4306, 4333, 4339, 4353, 4365, 4450, 4542, 4699, 4862, 4903, 4926, 5142, 5219, 5221, 5289, 5318, 5670, 5792, 
1533, 1717, 2006, 2247, 2324, 2411, 2634, 2703, 2722, 2892, 3364, 3457, 3471, 3609, 3748, 3813, 3843, 3954, 3974, 4083, 4134, 4158, 4306, 4333, 4339, 4353, 4365, 4450, 4542, 4699, 4862, 4903, 4926, 5142, 5219, 5221, 5289, 5318, 5670, 5792, 
1533, 1717, 2006, 2247, 2324, 2411, 2634, 2703, 2722, 2892, 3364, 3457, 3471, 3609, 3748, 3813, 3843, 3954, 3974, 4083, 4134, 4158, 4306, 4333, 4339, 4353, 4365, 4450, 4542, 4699, 4862, 4903, 4926, 5142, 5219, 5221, 5289, 5318, 5670, 5792, 
1533, 1717, 2006, 2247, 2324, 2411, 2634, 2703, 2722, 2892, 3364, 3457, 3471, 3609, 3748, 3813, 3843, 3954, 3974, 4083, 4134, 4158, 4306, 4333, 4339, 4353, 4365, 4450, 4542, 4699, 4862, 4903, 4926, 5142, 5219, 5221, 5289, 5318, 5670, 5792, 
1533, 1717, 2006, 2247, 2324, 2411, 2634, 2703, 2722, 2892, 3364, 3457, 3471, 3609, 3748, 3813, 3843, 3954, 3974, 4083, 4134, 4158, 4306, 4333, 4339, 4353, 4365, 4450, 4542, 4699, 4862, 4903, 4926, 5142, 5219, 5221, 5289, 5318, 5670, 5792, 
1533, 1717, 2006, 2247, 2324, 2411, 2634, 2703, 2722, 2892, 3364, 3457, 3471, 3609, 3748, 3813, 3843, 3954, 3974, 4083, 4134, 4158, 4306, 4333, 4339, 4353, 4365, 4450, 4542, 4699, 4862, 4903, 4926, 5142, 5219, 5221, 5289, 5318, 5670, 5792, 
1533, 1717, 2006, 2247, 2324, 2411, 2634, 2703, 2722, 2892, 3364, 3457, 3471, 3609, 3748, 3813, 3843, 3954, 3974, 4083, 4134, 4158, 4306, 4333, 4339, 4353, 4365, 4450, 4542, 4699, 4862, 4903, 4926, 5142, 5219, 5221, 5289, 5318, 5670, 5792, 
1533, 1717, 2006, 2247, 2324, 2411, 2634, 2703, 2722, 2892, 3364, 3457, 3471, 3609, 3748, 3813, 3843, 3954, 3974, 4083, 4134, 4158, 4306, 4333, 4339, 4353, 4365, 4450, 4542, 4699, 4862, 4903, 4926, 5142, 5219, 5221, 5289, 5318, 5670, 5792, 
1533, 1717, 2006, 2247, 2324, 2411, 2634, 2703, 2722, 2892, 3364, 3457, 3471, 3609, 3748, 3813, 3843, 3954, 3974, 4083, 4134, 4158, 4306, 4333, 4339, 4353, 4365, 4450, 4542, 4699, 4862, 4903, 4926, 5142, 5219, 5221, 5289, 5318, 5670, 5792, 
1533, 1717, 2006, 2247, 2324, 2411, 2634, 2703, 2722, 2892, 3364, 3457, 3471, 3609, 3748, 3813, 3843, 3954, 3974, 4083, 4134, 4158, 4306, 4333, 4339, 4353, 4365, 4450, 4542, 4699, 4862, 4903, 4926, 5142, 5219, 5221, 5289, 5318, 5670, 5792, 
1533, 1717, 2006, 2247, 2324, 2411, 2634, 2703, 2722, 2892, 3364, 3457, 3471, 3609, 3748, 3813, 3843, 3954, 3974, 4083, 4134, 4158, 4306, 4333, 4339, 4353, 4365, 4450, 4542, 4699, 4862, 4903, 4926, 5142, 5219, 5221, 5289, 5318, 5670, 5792, 
1533, 1717, 2006, 2247, 2324, 2411, 2634, 2703, 2722, 2892, 3364, 3457, 3471, 3609, 3748, 3813, 3843, 3954, 3974, 4083, 4134, 4158, 4306, 4333, 4339, 4353, 4365, 4450, 4542, 4699, 4862, 4903, 4926, 5142, 5219, 5221, 5289, 5318, 5670, 5792, 
1533, 1717, 2006, 2247, 2324, 2411, 2634, 2703, 2722, 2892, 3364, 3457, 3471, 3609, 3748, 3813, 3843, 3954, 3974, 4083, 4134, 4158, 4306, 4333, 4339, 4353, 4365, 4450, 4542, 4699, 4862, 4903, 4926, 5142, 5219, 5221, 5289, 5318, 5670, 5792, 
1533, 1717, 2006, 2247, 2324, 2411, 2634, 2703, 2722, 2892, 3364, 3457, 3471, 3609, 3748, 3813, 3843, 3954, 3974, 4083, 4134, 4158, 4306, 4333, 4339, 4353, 4365, 4450, 4542, 4699, 4862, 4903, 4926, 5142, 5219, 5221, 5289, 5318, 5670, 5792, 
1533, 1717, 2006, 2247, 2324, 2411, 2634, 2703, 2722, 2892, 3364, 3457, 3471, 3609, 3748, 3813, 3843, 3954, 3974, 4083, 4134, 4158, 4306, 4333, 4339, 4353, 4365, 4450, 4542, 4699, 4862, 4903, 4926, 5142, 5219, 5221, 5289, 5318, 5670, 5792, 
1533, 1717, 2006, 2247, 2324, 2411, 2634, 2703, 2722, 2892, 3364, 3457, 3471, 3609, 3748, 3813, 3843, 3954, 3974, 4083, 4134, 4158, 4306, 4333, 4339, 4353, 4365, 4450, 4542, 4699, 4862, 4903, 4926, 5142, 5219, 5221, 5289, 5318, 5670, 5792, 
1533, 1717, 2006, 2247, 2324, 2411, 2634, 2703, 2722, 2892, 3364, 3457, 3471, 3609, 3748, 3813, 3843, 3954, 3974, 4083, 4134, 4158, 4306, 4333, 4339, 4353, 4365, 4450, 4542, 4699, 4862, 4903, 4926, 5142, 5219, 5221, 5289, 5318, 5670, 5792, 
1533, 1717, 2006, 2247, 2324, 2411, 2634, 2703, 2722, 2892, 3364, 3457, 3471, 3609, 3748, 3813, 3843, 3954, 3974, 4083, 4134, 4158, 4306, 4333, 4339, 4353, 4365, 4450, 4542, 4699, 4862, 4903, 4926, 5142, 5219, 5221, 5289, 5318, 5670, 5792, 
1533, 1717, 2006, 2247, 2324, 2411, 2634, 2703, 2722, 2892, 3364, 3457, 3471, 3609, 3748, 3813, 3843, 3954, 3974, 4083, 4134, 4158, 4306, 4333, 4339, 4353, 4365, 4450, 4542, 4699, 4862, 4903, 4926, 5142, 5219, 5221, 5289, 5318, 5670, 5792, 
1533, 1717, 2006, 2247, 2324, 2411, 2634, 2703, 2722, 2892, 3364, 3457, 3471, 3609, 3748, 3813, 3843, 3954, 3974, 4083, 4134, 4158, 4306, 4333, 4339, 4353, 4365, 4450, 4542, 4699, 4862, 4903, 4926, 5142, 5219, 5221, 5289, 5318, 5670, 5792, 
1533, 1717, 2006, 2247, 2324, 2411, 2634, 2703, 2722, 2892, 3364, 3457, 3471, 3609, 3748, 3813, 3843, 3954, 3974, 4083, 4134, 4158, 4306, 4333, 4339, 4353, 4365, 4450, 4542, 4699, 4862, 4903, 4926, 5142, 5219, 5221, 5289, 5318, 5670, 5792, 
1533, 1717, 2006, 2247, 2324, 2411, 2634, 2703, 2722, 2892, 3364, 3457, 3471, 3609, 3748, 3813, 3843, 3954, 3974, 4083, 4134, 4158, 4306, 4333, 4339, 4353, 4365, 4450, 4542, 4699, 4862, 4903, 4926, 5142, 5219, 5221, 5289, 5318, 5670, 5792, 
1533, 1717, 2006, 2247, 2324, 2411, 2634, 2703, 2722, 2892, 3364, 3457, 3471, 3609, 3748, 3813, 3843, 3954, 3974, 4083, 4134, 4158, 4306, 4333, 4339, 4353, 4365, 4450, 4542, 4699, 4862, 4903, 4926, 5142, 5219, 5221, 5289, 5318, 5670, 5792, 
1533, 1717, 2006, 2247, 2324, 2411, 2634, 2703, 2722, 2892, 3364, 3457, 3471, 3609, 3748, 3813, 3843, 3954, 3974, 4083, 4134, 4158, 4306, 4333, 4339, 4353, 4365, 4450, 4542, 4699, 4862, 4903, 4926, 5142, 5219, 5221, 5289, 5318, 5670, 5792, 
1533, 1717, 2006, 2247, 2324, 2411, 2634, 2703, 2722, 2892, 3364, 3457, 3471, 3609, 3748, 3813, 3843, 3954, 3974, 4083, 4134, 4158, 4306, 4333, 4339, 4353, 4365, 4450, 4542, 4699, 4862, 4903, 4926, 5142, 5219, 5221, 5289, 5318, 5670, 5792, 
1533, 1717, 2006, 2247, 2324, 2411, 2634, 2703, 2722, 2892, 3364, 3457, 3471, 3609, 3748, 3813, 3843, 3954, 3974, 4083, 4134, 4158, 4306, 4333, 4339, 4353, 4365, 4450, 4542, 4699, 4862, 4903, 4926, 5142, 5219, 5221, 5289, 5318, 5670, 5792, 
1533, 1717, 2006, 2247, 2324, 2411, 2634, 2703, 2722, 2892, 3364, 3457, 3471, 3609, 3748, 3813, 3843, 3954, 3974, 4083, 4134, 4158, 4306, 4333, 4339, 4353, 4365, 4450, 4542, 4699, 4862, 4903, 4926, 5142, 5219, 5221, 5289, 5318, 5670, 5792, 
1533, 1717, 2006, 2247, 2324, 2411, 2634, 2703, 2722, 2892, 3364, 3457, 3471, 3609, 3748, 3813, 3843, 3954, 3974, 4083, 4134, 4158, 4306, 4333, 4339, 4353, 4365, 4450, 4542, 4699, 4862, 4903, 4926, 5142, 5219, 5221, 5289, 5318, 5670, 5792, 
1533, 1717, 2006, 2247, 2324, 2411, 2634, 2703, 2722, 2892, 3364, 3457, 3471, 3609, 3748, 3813, 3843, 3954, 3974, 4083, 4134, 4158, 4306, 4333, 4339, 4353, 4365, 4450, 4542, 4699, 4862, 4903, 4926, 5142, 5219, 5221, 5289, 5318, 5670, 5792, 
1533, 1717, 2006, 2247, 2324, 2411, 2634, 2703, 2722, 2892, 3364, 3457, 3471, 3609, 3748, 3813, 3843, 3954, 3974, 4083, 4134, 4158, 4306, 4333, 4339, 4353, 4365, 4450, 4542, 4699, 4862, 4903, 4926, 5142, 5219, 5221, 5289, 5318, 5670, 5792, 
1533, 1717, 2006, 2247, 2324, 2411, 2634, 2703, 2722, 2892, 3364, 3457, 3471, 3609, 3748, 3813, 3843, 3954, 3974, 4083, 4134, 4158, 4306, 4333, 4339, 4353, 4365, 4450, 4542, 4699, 4862, 4903, 4926, 5142, 5219, 5221, 5289, 5318, 5670, 5792, 
1533, 1717, 2006, 2247, 2324, 2411, 2634, 2703, 2722, 2892, 3364, 3457, 3471, 3609, 3748, 3813, 3843, 3954, 3974, 4083, 4134, 4158, 4306, 4333, 4339, 4353, 4365, 4450, 4542, 4699, 4862, 4903, 4926, 5142, 5219, 5221, 5289, 5318, 5670, 5792, 
1533, 1717, 2006, 2247, 2324, 2411, 2634, 2703, 2722, 2892, 3364, 3457, 3471, 3609, 3748, 3813, 3843, 3954, 3974, 4083, 4134, 4158, 4306, 4333, 4339, 4353, 4365, 4450, 4542, 4699, 4862, 4903, 4926, 5142, 5219, 5221, 5289, 5318, 5670, 5792, 
1533, 1717, 2006, 2247, 2324, 2411, 2634, 2703, 2722, 2892, 3364, 3457, 3471, 3609, 3748, 3813, 3843, 3954, 3974, 4083, 4134, 4158, 4306, 4333, 4339, 4353, 4365, 4450, 4542, 4699, 4862, 4903, 4926, 5142, 5219, 5221, 5289, 5318, 5670, 5792, 
1533, 1717, 2006, 2247, 2324, 2411, 2634, 2703, 2722, 2892, 3364, 3457, 3471, 3609, 3748, 3813, 3843, 3954, 3974, 4083, 4134, 4158, 4306, 4333, 4339, 4353, 4365, 4450, 4542, 4699, 4862, 4903, 4926, 5142, 5219, 5221, 5289, 5318, 5670, 5792, 
1533, 1717, 2006, 2247, 2324, 2411, 2634, 2703, 2722, 2892, 3364, 3457, 3471, 3609, 3748, 3813, 3843, 3954, 3974, 4083, 4134, 4158, 4306, 4333, 4339, 4353, 4365, 4450, 4542, 4699, 4862, 4903, 4926, 5142, 5219, 5221, 5289, 5318, 5670, 5792, 
1533, 1717, 2006, 2247, 2324, 2411, 2634, 2703, 2722, 2892, 3364, 3457, 3471, 3609, 3748, 3813, 3843, 3954, 3974, 4083, 4134, 4158, 4306, 4333, 4339, 4353, 4365, 4450, 4542, 4699, 4862, 4903, 4926, 5142, 5219, 5221, 5289, 5318, 5670, 5792, 
1533, 1717, 2006, 2247, 2324, 2411, 2634, 2703, 2722, 2892, 3364, 3457, 3471, 3609, 3748, 3813, 3843, 3954, 3974, 4083, 4134, 4158, 4306, 4333, 4339, 4353, 4365, 4450, 4542, 4699, 4862, 4903, 4926, 5142, 5219, 5221, 5289, 5318, 5670, 5792, 
1533, 1717, 2006, 2247, 2324, 2411, 2634, 2703, 2722, 2892, 3364, 3457, 3471, 3609, 3748, 3813, 3843, 3954, 3974, 4083, 4134, 4158, 4306, 4333, 4339, 4353, 4365, 4450, 4542, 4699, 4862, 4903, 4926, 5142, 5219, 5221, 5289, 5318, 5670, 5792, 
1533, 1717, 2006, 2247, 2324, 2411, 2634, 2703, 2722, 2892, 3364, 3457, 3471, 3609, 3748, 3813, 3843, 3954, 3974, 4083, 4134, 4158, 4306, 4333, 4339, 4353, 4365, 4450, 4542, 4699, 4862, 4903, 4926, 5142, 5219, 5221, 5289, 5318, 5670, 5792, 
1533, 1717, 2006, 2247, 2324, 2411, 2634, 2703, 2722, 2892, 3364, 3457, 3471, 3609, 3748, 3813, 3843, 3954, 3974, 4083, 4134, 4158, 4306, 4333, 4339, 4353, 4365, 4450, 4542, 4699, 4862, 4903, 4926, 5142, 5219, 5221, 5289, 5318, 5670, 5792, 
1533, 1717, 2006, 2247, 2324, 2411, 2634, 2703, 2722, 2892, 3364, 3457, 3471, 3609, 3748, 3813, 3843, 3954, 3974, 4083, 4134, 4158, 4306, 4333, 4339, 4353, 4365, 4450, 4542, 4699, 4862, 4903, 4926, 5142, 5219, 5221, 5289, 5318, 5670, 5792, 
1533, 1717, 2006, 2247, 2324, 2411, 2634, 2703, 2722, 2892, 3364, 3457, 3471, 3609, 3748, 3813, 3843, 3954, 3974, 4083, 4134, 4158, 4306, 4333, 4339, 4353, 4365, 4450, 4542, 4699, 4862, 4903, 4926, 5142, 5219, 5221, 5289, 5318, 5670, 5792, 
1533, 1717, 2006, 2247, 2324, 2411, 2634, 2703, 2722, 2892, 3364, 3457, 3471, 3609, 3748, 3813, 3843, 3954, 3974, 4083, 4134, 4158, 4306, 4333, 4339, 4353, 4365, 4450, 4542, 4699, 4862, 4903, 4926, 5142, 5219, 5221, 5289, 5318, 5670, 5792, 
1533, 1717, 2006, 2247, 2324, 2411, 2634, 2703, 2722, 2892, 3364, 3457, 3471, 3609, 3748, 3813, 3843, 3954, 3974, 4083, 4134, 4158, 4306, 4333, 4339, 4353, 4365, 4450, 4542, 4699, 4862, 4903, 4926, 5142, 5219, 5221, 5289, 5318, 5670, 5792, 
1533, 1717, 2006, 2247, 2324, 2411, 2634, 2703, 2722, 2892, 3364, 3457, 3471, 3609, 3748, 3813, 3843, 3954, 3974, 4083, 4134, 4158, 4306, 4333, 4339, 4353, 4365, 4450, 4542, 4699, 4862, 4903, 4926, 5142, 5219, 5221, 5289, 5318, 5670, 5792, 
1533, 1717, 2006, 2247, 2324, 2411, 2634, 2703, 2722, 2892, 3364, 3457, 3471, 3609, 3748, 3813, 3843, 3954, 3974, 4083, 4134, 4158, 4306, 4333, 4339, 4353, 4365, 4450, 4542, 4699, 4862, 4903, 4926, 5142, 5219, 5221, 5289, 5318, 5670, 5792, 
1533, 1717, 2006, 2247, 2324, 2411, 2634, 2703, 2722, 2892, 3364, 3457, 3471, 3609, 3748, 3813, 3843, 3954, 3974, 4083, 4134, 4158, 4306, 4333, 4339, 4353, 4365, 4450, 4542, 4699, 4862, 4903, 4926, 5142, 5219, 5221, 5289, 5318, 5670, 5792, 
1533, 1717, 2006, 2247, 2324, 2411, 2634, 2703, 2722, 2892, 3364, 3457, 3471, 3609, 3748, 3813, 3843, 3954, 3974, 4083, 4134, 4158, 4306, 4333, 4339, 4353, 4365, 4450, 4542, 4699, 4862, 4903, 4926, 5142, 5219, 5221, 5289, 5318, 5670, 5792, 
1533, 1717, 2006, 2247, 2324, 2411, 2634, 2703, 2722, 2892, 3364, 3457, 3471, 3609, 3748, 3813, 3843, 3954, 3974, 4083, 4134, 4158, 4306, 4333, 4339, 4353, 4365, 4450, 4542, 4699, 4862, 4903, 4926, 5142, 5219, 5221, 5289, 5318, 5670, 5792, 
1533, 1717, 2006, 2247, 2324, 2411, 2634, 2703, 2722, 2892, 3364, 3457, 3471, 3609, 3748, 3813, 3843, 3954, 3974, 4083, 4134, 4158, 4306, 4333, 4339, 4353, 4365, 4450, 4542, 4699, 4862, 4903, 4926, 5142, 5219, 5221, 5289, 5318, 5670, 5792, 
1533, 1717, 2006, 2247, 2324, 2411, 2634, 2703, 2722, 2892, 3364, 3457, 3471, 3609, 3748, 3813, 3843, 3954, 3974, 4083, 4134, 4158, 4306, 4333, 4339, 4353, 4365, 4450, 4542, 4699, 4862, 4903, 4926, 5142, 5219, 5221, 5289, 5318, 5670, 5792, 
1533, 1717, 2006, 2247, 2324, 2411, 2634, 2703, 2722, 2892, 3364, 3457, 3471, 3609, 3748, 3813, 3843, 3954, 3974, 4083, 4134, 4158, 4306, 4333, 4339, 4353, 4365, 4450, 4542, 4699, 4862, 4903, 4926, 5142, 5219, 5221, 5289, 5318, 5670, 5792, 
1533, 1717, 2006, 2247, 2324, 2411, 2634, 2703, 2722, 2892, 3364, 3457, 3471, 3609, 3748, 3813, 3843, 3954, 3974, 4083, 4134, 4158, 4306, 4333, 4339, 4353, 4365, 4450, 4542, 4699, 4862, 4903, 4926, 5142, 5219, 5221, 5289, 5318, 5670, 5792, 
1533, 1717, 2006, 2247, 2324, 2411, 2634, 2703, 2722, 2892, 3364, 3457, 3471, 3609, 3748, 3813, 3843, 3954, 3974, 4083, 4134, 4158, 4306, 4333, 4339, 4353, 4365, 4450, 4542, 4699, 4862, 4903, 4926, 5142, 5219, 5221, 5289, 5318, 5670, 5792, 
1533, 1717, 2006, 2247, 2324, 2411, 2634, 2703, 2722, 2892, 3364, 3457, 3471, 3609, 3748, 3813, 3843, 3954, 3974, 4083, 4134, 4158, 4306, 4333, 4339, 4353, 4365, 4450, 4542, 4699, 4862, 4903, 4926, 5142, 5219, 5221, 5289, 5318, 5670, 5792, 
1533, 1717, 2006, 2247, 2324, 2411, 2634, 2703, 2722, 2892, 3364, 3457, 3471, 3609, 3748, 3813, 3843, 3954, 3974, 4083, 4134, 4158, 4306, 4333, 4339, 4353, 4365, 4450, 4542, 4699, 4862, 4903, 4926, 5142, 5219, 5221, 5289, 5318, 5670, 5792, 
1533, 1717, 2006, 2247, 2324, 2411, 2634, 2703, 2722, 2892, 3364, 3457, 3471, 3609, 3748, 3813, 3843, 3954, 3974, 4083, 4134, 4158, 4306, 4333, 4339, 4353, 4365, 4450, 4542, 4699, 4862, 4903, 4926, 5142, 5219, 5221, 5289, 5318, 5670, 5792, 
1533, 1717, 2006, 2247, 2324, 2411, 2634, 2703, 2722, 2892, 3364, 3457, 3471, 3609, 3748, 3813, 3843, 3954, 3974, 4083, 4134, 4158, 4306, 4333, 4339, 4353, 4365, 4450, 4542, 4699, 4862, 4903, 4926, 5142, 5219, 5221, 5289, 5318, 5670, 5792, 
1533, 1717, 2006, 2247, 2324, 2411, 2634, 2703, 2722, 2892, 3364, 3457, 3471, 3609, 3748, 3813, 3843, 3954, 3974, 4083, 4134, 4158, 4306, 4333, 4339, 4353, 4365, 4450, 4542, 4699, 4862, 4903, 4926, 5142, 5219, 5221, 5289, 5318, 5670, 5792, 
1533, 1717, 2006, 2247, 2324, 2411, 2634, 2703, 2722, 2892, 3364, 3457, 3471, 3609, 3748, 3813, 3843, 3954, 3974, 4083, 4134, 4158, 4306, 4333, 4339, 4353, 4365, 4450, 4542, 4699, 4862, 4903, 4926, 5142, 5219, 5221, 5289, 5318, 5670, 5792, 
1533, 1717, 2006, 2247, 2324, 2411, 2634, 2703, 2722, 2892, 3364, 3457, 3471, 3609, 3748, 3813, 3843, 3954, 3974, 4083, 4134, 4158, 4306, 4333, 4339, 4353, 4365, 4450, 4542, 4699, 4862, 4903, 4926, 5142, 5219, 5221, 5289, 5318, 5670, 5792, 
1533, 1717, 2006, 2247, 2324, 2411, 2634, 2703, 2722, 2892, 3364, 3457, 3471, 3609, 3748, 3813, 3843, 3954, 3974, 4083, 4134, 4158, 4306, 4333, 4339, 4353, 4365, 4450, 4542, 4699, 4862, 4903, 4926, 5142, 5219, 5221, 5289, 5318, 5670, 5792, 
1533, 1717, 2006, 2247, 2324, 2411, 2634, 2703, 2722, 2892, 3364, 3457, 3471, 3609, 3748, 3813, 3843, 3954, 3974, 4083, 4134, 4158, 4306, 4333, 4339, 4353, 4365, 4450, 4542, 4699, 4862, 4903, 4926, 5142, 5219, 5221, 5289, 5318, 5670, 5792, 
1533, 1717, 2006, 2247, 2324, 2411, 2634, 2703, 2722, 2892, 3364, 3457, 3471, 3609, 3748, 3813, 3843, 3954, 3974, 4083, 4134, 4158, 4306, 4333, 4339, 4353, 4365, 4450, 4542, 4699, 4862, 4903, 4926, 5142, 5219, 5221, 5289, 5318, 5670, 5792, 
1533, 1717, 2006, 2247, 2324, 2411, 2634, 2703, 2722, 2892, 3364, 3457, 3471, 3609, 3748, 3813, 3843, 3954, 3974, 4083, 4134, 4158, 4306, 4333, 4339, 4353, 4365, 4450, 4542, 4699, 4862, 4903, 4926, 5142, 5219, 5221, 5289, 5318, 5670, 5792, 
1533, 1717, 2006, 2247, 2324, 2411, 2634, 2703, 2722, 2892, 3364, 3457, 3471, 3609, 3748, 3813, 3843, 3954, 3974, 4083, 4134, 4158, 4306, 4333, 4339, 4353, 4365, 4450, 4542, 4699, 4862, 4903, 4926, 5142, 5219, 5221, 5289, 5318, 5670, 5792, 
1533, 1717, 2006, 2247, 2324, 2411, 2634, 2703, 2722, 2892, 3364, 3457, 3471, 3609, 3748, 3813, 3843, 3954, 3974, 4083, 4134, 4158, 4306, 4333, 4339, 4353, 4365, 4450, 4542, 4699, 4862, 4903, 4926, 5142, 5219, 5221, 5289, 5318, 5670, 5792, 
1533, 1717, 2006, 2247, 2324, 2411, 2634, 2703, 2722, 2892, 3364, 3457, 3471, 3609, 3748, 3813, 3843, 3954, 3974, 4083, 4134, 4158, 4306, 4333, 4339, 4353, 4365, 4450, 4542, 4699, 4862, 4903, 4926, 5142, 5219, 5221, 5289, 5318, 5670, 5792, 
1533, 1717, 2006, 2247, 2324, 2411, 2634, 2703, 2722, 2892, 3364, 3457, 3471, 3609, 3748, 3813, 3843, 3954, 3974, 4083, 4134, 4158, 4306, 4333, 4339, 4353, 4365, 4450, 4542, 4699, 4862, 4903, 4926, 5142, 5219, 5221, 5289, 5318, 5670, 5792, 
1533, 1717, 2006, 2247, 2324, 2411, 2634, 2703, 2722, 2892, 3364, 3457, 3471, 3609, 3748, 3813, 3843, 3954, 3974, 4083, 4134, 4158, 4306, 4333, 4339, 4353, 4365, 4450, 4542, 4699, 4862, 4903, 4926, 5142, 5219, 5221, 5289, 5318, 5670, 5792, 
1533, 1717, 2006, 2247, 2324, 2411, 2634, 2703, 2722, 2892, 3364, 3457, 3471, 3609, 3748, 3813, 3843, 3954, 3974, 4083, 4134, 4158, 4306, 4333, 4339, 4353, 4365, 4450, 4542, 4699, 4862, 4903, 4926, 5142, 5219, 5221, 5289, 5318, 5670, 5792, 
1533, 1717, 2006, 2247, 2324, 2411, 2634, 2703, 2722, 2892, 3364, 3457, 3471, 3609, 3748, 3813, 3843, 3954, 3974, 4083, 4134, 4158, 4306, 4333, 4339, 4353, 4365, 4450, 4542, 4699, 4862, 4903, 4926, 5142, 5219, 5221, 5289, 5318, 5670, 5792, 
1533, 1717, 2006, 2247, 2324, 2411, 2634, 2703, 2722, 2892, 3364, 3457, 3471, 3609, 3748, 3813, 3843, 3954, 3974, 4083, 4134, 4158, 4306, 4333, 4339, 4353, 4365, 4450, 4542, 4699, 4862, 4903, 4926, 5142, 5219, 5221, 5289, 5318, 5670, 5792, 
1533, 1717, 2006, 2247, 2324, 2411, 2634, 2703, 2722, 2892, 3364, 3457, 3471, 3609, 3748, 3813, 3843, 3954, 3974, 4083, 4134, 4158, 4306, 4333, 4339, 4353, 4365, 4450, 4542, 4699, 4862, 4903, 4926, 5142, 5219, 5221, 5289, 5318, 5670, 5792, 
1533, 1717, 2006, 2247, 2324, 2411, 2634, 2703, 2722, 2892, 3364, 3457, 3471, 3609, 3748, 3813, 3843, 3954, 3974, 4083, 4134, 4158, 4306, 4333, 4339, 4353, 4365, 4450, 4542, 4699, 4862, 4903, 4926, 5142, 5219, 5221, 5289, 5318, 5670, 5792, 
1533, 1717, 2006, 2247, 2324, 2411, 2634, 2703, 2722, 2892, 3364, 3457, 3471, 3609, 3748, 3813, 3843, 3954, 3974, 4083, 4134, 4158, 4306, 4333, 4339, 4353, 4365, 4450, 4542, 4699, 4862, 4903, 4926, 5142, 5219, 5221, 5289, 5318, 5670, 5792, 
1533, 1717, 2006, 2247, 2324, 2411, 2634, 2703, 2722, 2892, 3364, 3457, 3471, 3609, 3748, 3813, 3843, 3954, 3974, 4083, 4134, 4158, 4306, 4333, 4339, 4353, 4365, 4450, 4542, 4699, 4862, 4903, 4926, 5142, 5219, 5221, 5289, 5318, 5670, 5792, 
1533, 1717, 2006, 2247, 2324, 2411, 2634, 2703, 2722, 2892, 3364, 3457, 3471, 3609, 3748, 3813, 3843, 3954, 3974, 4083, 4134, 4158, 4306, 4333, 4339, 4353, 4365, 4450, 4542, 4699, 4862, 4903, 4926, 5142, 5219, 5221, 5289, 5318, 5670, 5792, 
1533, 1717, 2006, 2247, 2324, 2411, 2634, 2703, 2722, 2892, 3364, 3457, 3471, 3609, 3748, 3813, 3843, 3954, 3974, 4083, 4134, 4158, 4306, 4333, 4339, 4353, 4365, 4450, 4542, 4699, 4862, 4903, 4926, 5142, 5219, 5221, 5289, 5318, 5670, 5792, 
1533, 1717, 2006, 2247, 2324, 2411, 2634, 2703, 2722, 2892, 3364, 3457, 3471, 3609, 3748, 3813, 3843, 3954, 3974, 4083, 4134, 4158, 4306, 4333, 4339, 4353, 4365, 4450, 4542, 4699, 4862, 4903, 4926, 5142, 5219, 5221, 5289, 5318, 5670, 5792, 
1533, 1717, 2006, 2247, 2324, 2411, 2634, 2703, 2722, 2892, 3364, 3457, 3471, 3609, 3748, 3813, 3843, 3954, 3974, 4083, 4134, 4158, 4306, 4333, 4339, 4353, 4365, 4450, 4542, 4699, 4862, 4903, 4926, 5142, 5219, 5221, 5289, 5318, 5670, 5792, 
1533, 1717, 2006, 2247, 2324, 2411, 2634, 2703, 2722, 2892, 3364, 3457, 3471, 3609, 3748, 3813, 3843, 3954, 3974, 4083, 4134, 4158, 4306, 4333, 4339, 4353, 4365, 4450, 4542, 4699, 4862, 4903, 4926, 5142, 5219, 5221, 5289, 5318, 5670, 5792, 
1533, 1717, 2006, 2247, 2324, 2411, 2634, 2703, 2722, 2892, 3364, 3457, 3471, 3609, 3748, 3813, 3843, 3954, 3974, 4083, 4134, 4158, 4306, 4333, 4339, 4353, 4365, 4450, 4542, 4699, 4862, 4903, 4926, 5142, 5219, 5221, 5289, 5318, 5670, 5792, 
1533, 1717, 2006, 2247, 2324, 2411, 2634, 2703, 2722, 2892, 3364, 3457, 3471, 3609, 3748, 3813, 3843, 3954, 3974, 4083, 4134, 4158, 4306, 4333, 4339, 4353, 4365, 4450, 4542, 4699, 4862, 4903, 4926, 5142, 5219, 5221, 5289, 5318, 5670, 5792, 
1533, 1717, 2006, 2247, 2324, 2411, 2634, 2703, 2722, 2892, 3364, 3457, 3471, 3609, 3748, 3813, 3843, 3954, 3974, 4083, 4134, 4158, 4306, 4333, 4339, 4353, 4365, 4450, 4542, 4699, 4862, 4903, 4926, 5142, 5219, 5221, 5289, 5318, 5670, 5792, 
1533, 1717, 2006, 2247, 2324, 2411, 2634, 2703, 2722, 2892, 3364, 3457, 3471, 3609, 3748, 3813, 3843, 3954, 3974, 4083, 4134, 4158, 4306, 4333, 4339, 4353, 4365, 4450, 4542, 4699, 4862, 4903, 4926, 5142, 5219, 5221, 5289, 5318, 5670, 5792, 
1533, 1717, 2006, 2247, 2324, 2411, 2634, 2703, 2722, 2892, 3364, 3457, 3471, 3609, 3748, 3813, 3843, 3954, 3974, 4083, 4134, 4158, 4306, 4333, 4339, 4353, 4365, 4450, 4542, 4699, 4862, 4903, 4926, 5142, 5219, 5221, 5289, 5318, 5670, 5792, 
1533, 1717, 2006, 2247, 2324, 2411, 2634, 2703, 2722, 2892, 3364, 3457, 3471, 3609, 3748, 3813, 3843, 3954, 3974, 4083, 4134, 4158, 4306, 4333, 4339, 4353, 4365, 4450, 4542, 4699, 4862, 4903, 4926, 5142, 5219, 5221, 5289, 5318, 5670, 5792, 
1533, 1717, 2006, 2247, 2324, 2411, 2634, 2703, 2722, 2892, 3364, 3457, 3471, 3609, 3748, 3813, 3843, 3954, 3974, 4083, 4134, 4158, 4306, 4333, 4339, 4353, 4365, 4450, 4542, 4699, 4862, 4903, 4926, 5142, 5219, 5221, 5289, 5318, 5670, 5792, 
1533, 1717, 2006, 2247, 2324, 2411, 2634, 2703, 2722, 2892, 3364, 3457, 3471, 3609, 3748, 3813, 3843, 3954, 3974, 4083, 4134, 4158, 4306, 4333, 4339, 4353, 4365, 4450, 4542, 4699, 4862, 4903, 4926, 5142, 5219, 5221, 5289, 5318, 5670, 5792, 
1533, 1717, 2006, 2247, 2324, 2411, 2634, 2703, 2722, 2892, 3364, 3457, 3471, 3609, 3748, 3813, 3843, 3954, 3974, 4083, 4134, 4158, 4306, 4333, 4339, 4353, 4365, 4450, 4542, 4699, 4862, 4903, 4926, 5142, 5219, 5221, 5289, 5318, 5670, 5792, 
1533, 1717, 2006, 2247, 2324, 2411, 2634, 2703, 2722, 2892, 3364, 3457, 3471, 3609, 3748, 3813, 3843, 3954, 3974, 4083, 4134, 4158, 4306, 4333, 4339, 4353, 4365, 4450, 4542, 4699, 4862, 4903, 4926, 5142, 5219, 5221, 5289, 5318, 5670, 5792, 
1533, 1717, 2006, 2247, 2324, 2411, 2634, 2703, 2722, 2892, 3364, 3457, 3471, 3609, 3748, 3813, 3843, 3954, 3974, 4083, 4134, 4158, 4306, 4333, 4339, 4353, 4365, 4450, 4542, 4699, 4862, 4903, 4926, 5142, 5219, 5221, 5289, 5318, 5670, 5792, 
1533, 1717, 2006, 2247, 2324, 2411, 2634, 2703, 2722, 2892, 3364, 3457, 3471, 3609, 3748, 3813, 3843, 3954, 3974, 4083, 4134, 4158, 4306, 4333, 4339, 4353, 4365, 4450, 4542, 4699, 4862, 4903, 4926, 5142, 5219, 5221, 5289, 5318, 5670, 5792, 
1533, 1717, 2006, 2247, 2324, 2411, 2634, 2703, 2722, 2892, 3364, 3457, 3471, 3609, 3748, 3813, 3843, 3954, 3974, 4083, 4134, 4158, 4306, 4333, 4339, 4353, 4365, 4450, 4542, 4699, 4862, 4903, 4926, 5142, 5219, 5221, 5289, 5318, 5670, 5792, 
1533, 1717, 2006, 2247, 2324, 2411, 2634, 2703, 2722, 2892, 3364, 3457, 3471, 3609, 3748, 3813, 3843, 3954, 3974, 4083, 4134, 4158, 4306, 4333, 4339, 4353, 4365, 4450, 4542, 4699, 4862, 4903, 4926, 5142, 5219, 5221, 5289, 5318, 5670, 5792, 
1533, 1717, 2006, 2247, 2324, 2411, 2634, 2703, 2722, 2892, 3364, 3457, 3471, 3609, 3748, 3813, 3843, 3954, 3974, 4083, 4134, 4158, 4306, 4333, 4339, 4353, 4365, 4450, 4542, 4699, 4862, 4903, 4926, 5142, 5219, 5221, 5289, 5318, 5670, 5792, 
1533, 1717, 2006, 2247, 2324, 2411, 2634, 2703, 2722, 2892, 3364, 3457, 3471, 3609, 3748, 3813, 3843, 3954, 3974, 4083, 4134, 4158, 4306, 4333, 4339, 4353, 4365, 4450, 4542, 4699, 4862, 4903, 4926, 5142, 5219, 5221, 5289, 5318, 5670, 5792, 
1533, 1717, 2006, 2247, 2324, 2411, 2634, 2703, 2722, 2892, 3364, 3457, 3471, 3609, 3748, 3813, 3843, 3954, 3974, 4083, 4134, 4158, 4306, 4333, 4339, 4353, 4365, 4450, 4542, 4699, 4862, 4903, 4926, 5142, 5219, 5221, 5289, 5318, 5670, 5792, 
1533, 1717, 2006, 2247, 2324, 2411, 2634, 2703, 2722, 2892, 3364, 3457, 3471, 3609, 3748, 3813, 3843, 3954, 3974, 4083, 4134, 4158, 4306, 4333, 4339, 4353, 4365, 4450, 4542, 4699, 4862, 4903, 4926, 5142, 5219, 5221, 5289, 5318, 5670, 5792, 
1533, 1717, 2006, 2247, 2324, 2411, 2634, 2703, 2722, 2892, 3364, 3457, 3471, 3609, 3748, 3813, 3843, 3954, 3974, 4083, 4134, 4158, 4306, 4333, 4339, 4353, 4365, 4450, 4542, 4699, 4862, 4903, 4926, 5142, 5219, 5221, 5289, 5318, 5670, 5792, 
1533, 1717, 2006, 2247, 2324, 2411, 2634, 2703, 2722, 2892, 3364, 3457, 3471, 3609, 3748, 3813, 3843, 3954, 3974, 4083, 4134, 4158, 4306, 4333, 4339, 4353, 4365, 4450, 4542, 4699, 4862, 4903, 4926, 5142, 5219, 5221, 5289, 5318, 5670, 5792, 
1533, 1717, 2006, 2247, 2324, 2411, 2634, 2703, 2722, 2892, 3364, 3457, 3471, 3609, 3748, 3813, 3843, 3954, 3974, 4083, 4134, 4158, 4306, 4333, 4339, 4353, 4365, 4450, 4542, 4699, 4862, 4903, 4926, 5142, 5219, 5221, 5289, 5318, 5670, 5792, 
1533, 1717, 2006, 2247, 2324, 2411, 2634, 2703, 2722, 2892, 3364, 3457, 3471, 3609, 3748, 3813, 3843, 3954, 3974, 4083, 4134, 4158, 4306, 4333, 4339, 4353, 4365, 4450, 4542, 4699, 4862, 4903, 4926, 5142, 5219, 5221, 5289, 5318, 5670, 5792, 
1533, 1717, 2006, 2247, 2324, 2411, 2634, 2703, 2722, 2892, 3364, 3457, 3471, 3609, 3748, 3813, 3843, 3954, 3974, 4083, 4134, 4158, 4306, 4333, 4339, 4353, 4365, 4450, 4542, 4699, 4862, 4903, 4926, 5142, 5219, 5221, 5289, 5318, 5670, 5792, 
1533, 1717, 2006, 2247, 2324, 2411, 2634, 2703, 2722, 2892, 3364, 3457, 3471, 3609, 3748, 3813, 3843, 3954, 3974, 4083, 4134, 4158, 4306, 4333, 4339, 4353, 4365, 4450, 4542, 4699, 4862, 4903, 4926, 5142, 5219, 5221, 5289, 5318, 5670, 5792, 
1533, 1717, 2006, 2247, 2324, 2411, 2634, 2703, 2722, 2892, 3364, 3457, 3471, 3609, 3748, 3813, 3843, 3954, 3974, 4083, 4134, 4158, 4306, 4333, 4339, 4353, 4365, 4450, 4542, 4699, 4862, 4903, 4926, 5142, 5219, 5221, 5289, 5318, 5670, 5792, 
1533, 1717, 2006, 2247, 2324, 2411, 2634, 2703, 2722, 2892, 3364, 3457, 3471, 3609, 3748, 3813, 3843, 3954, 3974, 4083, 4134, 4158, 4306, 4333, 4339, 4353, 4365, 4450, 4542, 4699, 4862, 4903, 4926, 5142, 5219, 5221, 5289, 5318, 5670, 5792, 
1533, 1717, 2006, 2247, 2324, 2411, 2634, 2703, 2722, 2892, 3364, 3457, 3471, 3609, 3748, 3813, 3843, 3954, 3974, 4083, 4134, 4158, 4306, 4333, 4339, 4353, 4365, 4450, 4542, 4699, 4862, 4903, 4926, 5142, 5219, 5221, 5289, 5318, 5670, 5792, 
1533, 1717, 2006, 2247, 2324, 2411, 2634, 2703, 2722, 2892, 3364, 3457, 3471, 3609, 3748, 3813, 3843, 3954, 3974, 4083, 4134, 4158, 4306, 4333, 4339, 4353, 4365, 4450, 4542, 4699, 4862, 4903, 4926, 5142, 5219, 5221, 5289, 5318, 5670, 5792, 
1533, 1717, 2006, 2247, 2324, 2411, 2634, 2703, 2722, 2892, 3364, 3457, 3471, 3609, 3748, 3813, 3843, 3954, 3974, 4083, 4134, 4158, 4306, 4333, 4339, 4353, 4365, 4450, 4542, 4699, 4862, 4903, 4926, 5142, 5219, 5221, 5289, 5318, 5670, 5792, 
1533, 1717, 2006, 2247, 2324, 2411, 2634, 2703, 2722, 2892, 3364, 3457, 3471, 3609, 3748, 3813, 3843, 3954, 3974, 4083, 4134, 4158, 4306, 4333, 4339, 4353, 4365, 4450, 4542, 4699, 4862, 4903, 4926, 5142, 5219, 5221, 5289, 5318, 5670, 5792, 
1533, 1717, 2006, 2247, 2324, 2411, 2634, 2703, 2722, 2892, 3364, 3457, 3471, 3609, 3748, 3813, 3843, 3954, 3974, 4083, 4134, 4158, 4306, 4333, 4339, 4353, 4365, 4450, 4542, 4699, 4862, 4903, 4926, 5142, 5219, 5221, 5289, 5318, 5670, 5792, 
1533, 1717, 2006, 2247, 2324, 2411, 2634, 2703, 2722, 2892, 3364, 3457, 3471, 3609, 3748, 3813, 3843, 3954, 3974, 4083, 4134, 4158, 4306, 4333, 4339, 4353, 4365, 4450, 4542, 4699, 4862, 4903, 4926, 5142, 5219, 5221, 5289, 5318, 5670, 5792, 
1533, 1717, 2006, 2247, 2324, 2411, 2634, 2703, 2722, 2892, 3364, 3457, 3471, 3609, 3748, 3813, 3843, 3954, 3974, 4083, 4134, 4158, 4306, 4333, 4339, 4353, 4365, 4450, 4542, 4699, 4862, 4903, 4926, 5142, 5219, 5221, 5289, 5318, 5670, 5792, 
1533, 1717, 2006, 2247, 2324, 2411, 2634, 2703, 2722, 2892, 3364, 3457, 3471, 3609, 3748, 3813, 3843, 3954, 3974, 4083, 4134, 4158, 4306, 4333, 4339, 4353, 4365, 4450, 4542, 4699, 4862, 4903, 4926, 5142, 5219, 5221, 5289, 5318, 5670, 5792, 
1533, 1717, 2006, 2247, 2324, 2411, 2634, 2703, 2722, 2892, 3364, 3457, 3471, 3609, 3748, 3813, 3843, 3954, 3974, 4083, 4134, 4158, 4306, 4333, 4339, 4353, 4365, 4450, 4542, 4699, 4862, 4903, 4926, 5142, 5219, 5221, 5289, 5318, 5670, 5792, 
1533, 1717, 2006, 2247, 2324, 2411, 2634, 2703, 2722, 2892, 3364, 3457, 3471, 3609, 3748, 3813, 3843, 3954, 3974, 4083, 4134, 4158, 4306, 4333, 4339, 4353, 4365, 4450, 4542, 4699, 4862, 4903, 4926, 5142, 5219, 5221, 5289, 5318, 5670, 5792, 
1533, 1717, 2006, 2247, 2324, 2411, 2634, 2703, 2722, 2892, 3364, 3457, 3471, 3609, 3748, 3813, 3843, 3954, 3974, 4083, 4134, 4158, 4306, 4333, 4339, 4353, 4365, 4450, 4542, 4699, 4862, 4903, 4926, 5142, 5219, 5221, 5289, 5318, 5670, 5792, 
1533, 1717, 2006, 2247, 2324, 2411, 2634, 2703, 2722, 2892, 3364, 3457, 3471, 3609, 3748, 3813, 3843, 3954, 3974, 4083, 4134, 4158, 4306, 4333, 4339, 4353, 4365, 4450, 4542, 4699, 4862, 4903, 4926, 5142, 5219, 5221, 5289, 5318, 5670, 5792, 
1533, 1717, 2006, 2247, 2324, 2411, 2634, 2703, 2722, 2892, 3364, 3457, 3471, 3609, 3748, 3813, 3843, 3954, 3974, 4083, 4134, 4158, 4306, 4333, 4339, 4353, 4365, 4450, 4542, 4699, 4862, 4903, 4926, 5142, 5219, 5221, 5289, 5318, 5670, 5792, 
1533, 1717, 2006, 2247, 2324, 2411, 2634, 2703, 2722, 2892, 3364, 3457, 3471, 3609, 3748, 3813, 3843, 3954, 3974, 4083, 4134, 4158, 4306, 4333, 4339, 4353, 4365, 4450, 4542, 4699, 4862, 4903, 4926, 5142, 5219, 5221, 5289, 5318, 5670, 5792, 
1533, 1717, 2006, 2247, 2324, 2411, 2634, 2703, 2722, 2892, 3364, 3457, 3471, 3609, 3748, 3813, 3843, 3954, 3974, 4083, 4134, 4158, 4306, 4333, 4339, 4353, 4365, 4450, 4542, 4699, 4862, 4903, 4926, 5142, 5219, 5221, 5289, 5318, 5670, 5792, 
1533, 1717, 2006, 2247, 2324, 2411, 2634, 2703, 2722, 2892, 3364, 3457, 3471, 3609, 3748, 3813, 3843, 3954, 3974, 4083, 4134, 4158, 4306, 4333, 4339, 4353, 4365, 4450, 4542, 4699, 4862, 4903, 4926, 5142, 5219, 5221, 5289, 5318, 5670, 5792, 
1533, 1717, 2006, 2247, 2324, 2411, 2634, 2703, 2722, 2892, 3364, 3457, 3471, 3609, 3748, 3813, 3843, 3954, 3974, 4083, 4134, 4158, 4306, 4333, 4339, 4353, 4365, 4450, 4542, 4699, 4862, 4903, 4926, 5142, 5219, 5221, 5289, 5318, 5670, 5792, 
1533, 1717, 2006, 2247, 2324, 2411, 2634, 2703, 2722, 2892, 3364, 3457, 3471, 3609, 3748, 3813, 3843, 3954, 3974, 4083, 4134, 4158, 4306, 4333, 4339, 4353, 4365, 4450, 4542, 4699, 4862, 4903, 4926, 5142, 5219, 5221, 5289, 5318, 5670, 5792, 
1533, 1717, 2006, 2247, 2324, 2411, 2634, 2703, 2722, 2892, 3364, 3457, 3471, 3609, 3748, 3813, 3843, 3954, 3974, 4083, 4134, 4158, 4306, 4333, 4339, 4353, 4365, 4450, 4542, 4699, 4862, 4903, 4926, 5142, 5219, 5221, 5289, 5318, 5670, 5792, 
1533, 1717, 2006, 2247, 2324, 2411, 2634, 2703, 2722, 2892, 3364, 3457, 3471, 3609, 3748, 3813, 3843, 3954, 3974, 4083, 4134, 4158, 4306, 4333, 4339, 4353, 4365, 4450, 4542, 4699, 4862, 4903, 4926, 5142, 5219, 5221, 5289, 5318, 5670, 5792, 
1533, 1717, 2006, 2247, 2324, 2411, 2634, 2703, 2722, 2892, 3364, 3457, 3471, 3609, 3748, 3813, 3843, 3954, 3974, 4083, 4134, 4158, 4306, 4333, 4339, 4353, 4365, 4450, 4542, 4650, 4651, 4652, 4653, 4654, 4655, 4656, 4657, 4658, 4659, 4660, 4661, 4662, 4663, 4664, 4699, 4755, 4756, 4757, 4758, 4759, 4760, 4761, 4762, 4763, 4764, 4765, 4766, 4767, 4768, 4769, 4862, 4903, 4926, 5142, 5219, 5221, 5289, 5318, 
1533, 1717, 2006, 2247, 2324, 2411, 2634, 2703, 2722, 2892, 3364, 3457, 3471, 3609, 3748, 3813, 3843, 3954, 3974, 4083, 4134, 4158, 4306, 4333, 4339, 4353, 4365, 4450, 4542, 4650, 4651, 4652, 4653, 4654, 4655, 4656, 4657, 4658, 4659, 4660, 4661, 4662, 4663, 4664, 4699, 4755, 4756, 4757, 4758, 4759, 4760, 4761, 4762, 4763, 4764, 4765, 4766, 4767, 4768, 4769, 4862, 4903, 4926, 5142, 5219, 5221, 5289, 5318, 
2145, 2146, 2147, 2148, 2149, 2150, 2151, 2152, 2153, 2154, 2155, 2156, 2157, 2158, 2159, 2247, 2324, 2411, 2634, 2703, 2722, 2892, 3364, 3457, 3471, 3609, 3748, 3795, 3796, 3797, 3798, 3799, 3800, 3801, 3802, 3803, 3804, 3805, 3806, 3807, 3808, 3809, 3813, 3843, 3954, 3974, 4083, 4134, 4158, 4170, 4171, 4172, 4173, 4174, 4175, 4176, 4177, 4178, 4179, 4180, 4181, 4182, 4183, 4184, 4306, 4333, 4339, 4353, 4365, 4450, 4542, 4650, 4651, 4652, 4653, 4654, 4655, 4656, 4657, 4658, 4659, 4660, 4661, 4662, 4663, 4664, 4699, 4755, 4756, 4757, 4758, 4759, 4760, 4761, 4762, 4763, 4764, 4765, 4766, 4767, 4768, 4769, 4862, 4903, 4926, 5142, 5219, 5221, 5289, 5318, 
2145, 2146, 2147, 2148, 2149, 2150, 2151, 2152, 2153, 2154, 2155, 2156, 2157, 2158, 2159, 2247, 2324, 2411, 2634, 2703, 2722, 2892, 3364, 3457, 3471, 3609, 3748, 3795, 3796, 3797, 3798, 3799, 3800, 3801, 3802, 3803, 3804, 3805, 3806, 3807, 3808, 3809, 3813, 3843, 3954, 3974, 4083, 4134, 4158, 4170, 4171, 4172, 4173, 4174, 4175, 4176, 4177, 4178, 4179, 4180, 4181, 4182, 4183, 4184, 4306, 4333, 4339, 4353, 4365, 4450, 4542, 4657, 4699, 4755, 4862, 4903, 4926, 5142, 5219, 5221, 5289, 5318, 
2145, 2146, 2147, 2148, 2149, 2150, 2151, 2152, 2153, 2154, 2155, 2156, 2157, 2158, 2159, 2247, 2324, 2411, 2634, 2703, 2722, 2892, 3364, 3457, 3471, 3609, 3748, 3795, 3796, 3797, 3798, 3799, 3800, 3801, 3802, 3803, 3804, 3805, 3806, 3807, 3808, 3809, 3813, 3843, 3954, 3974, 4083, 4134, 4158, 4170, 4171, 4172, 4173, 4174, 4175, 4176, 4177, 4178, 4179, 4180, 4181, 4182, 4183, 4184, 4306, 4333, 4339, 4353, 4365, 4450, 4542, 4657, 4699, 4755, 4862, 4903, 4926, 5142, 5219, 5221, 5289, 5318, 
1410, 1411, 1412, 1413, 1414, 1415, 1416, 1417, 1418, 1419, 1420, 1421, 1422, 1423, 1424, 1560, 1561, 1562, 1563, 1564, 1565, 1566, 1567, 1568, 1569, 1570, 1571, 1572, 1573, 1574, 1620, 1621, 1622, 1623, 1624, 1625, 1626, 1627, 1628, 1629, 1630, 1631, 1632, 1633, 1634, 1650, 1651, 1652, 1653, 1654, 1655, 1656, 1657, 1658, 1659, 1660, 1661, 1662, 1663, 1664, 1755, 1756, 1757, 1758, 1759, 1760, 1761, 1762, 1763, 1764, 1765, 1766, 1767, 1768, 1769, 2130, 2131, 2132, 2133, 2134, 2135, 2136, 2137, 2138, 2139, 2140, 2141, 2142, 2143, 2144, 2151, 2247, 2324, 2370, 2371, 2372, 2373, 2374, 2375, 2376, 2377, 2378, 2379, 2380, 2381, 2382, 2383, 2384, 2411, 2595, 2596, 2597, 2598, 2599, 2600, 2601, 2602, 2603, 2604, 2605, 2606, 2607, 2608, 2609, 3457, 3471, 3540, 3541, 3542, 3543, 3544, 3545, 3546, 3547, 3548, 3549, 3550, 3551, 3552, 3553, 3554, 3609, 3748, 3809, 3813, 3843, 3954, 3974, 4065, 4066, 4067, 4068, 4069, 4070, 4071, 4072, 4073, 4074, 4075, 4076, 4077, 4078, 4079, 4083, 4134, 4158, 4174, 4306, 4333, 4339, 4353, 4365, 4450, 4500, 4501, 4502, 4503, 4504, 4505, 4506, 4507, 4508, 4509, 4510, 4511, 4512, 4513, 4514, 4542, 4657, 4699, 4755, 4862, 4903, 
2151, 2247, 2324, 2411, 3457, 3471, 3540, 3541, 3542, 3543, 3544, 3545, 3546, 3547, 3548, 3549, 3550, 3551, 3552, 3553, 3554, 3609, 3748, 3809, 3813, 3843, 3954, 3974, 4065, 4066, 4067, 4068, 4069, 4070, 4071, 4072, 4073, 4074, 4075, 4076, 4077, 4078, 4079, 4083, 4134, 4158, 4174, 4306, 4333, 4339, 4353, 4365, 4395, 4396, 4397, 4398, 4399, 4400, 4401, 4402, 4403, 4404, 4405, 4406, 4407, 4408, 4409, 4450, 4500, 4501, 4502, 4503, 4504, 4505, 4506, 4507, 4508, 4509, 4510, 4511, 4512, 4513, 4514, 4542, 4657, 4699, 4755, 4830, 4831, 4832, 4833, 4834, 4835, 4836, 4837, 4838, 4839, 4840, 4841, 4842, 4843, 4844, 4862, 4903, 4926, 5142, 5219, 5221, 5289, 5318, 
2151, 2247, 2324, 2411, 3457, 3471, 3540, 3541, 3542, 3543, 3544, 3545, 3546, 3547, 3548, 3549, 3550, 3551, 3552, 3553, 3554, 3609, 3748, 3809, 3813, 3843, 3954, 3974, 4065, 4066, 4067, 4068, 4069, 4070, 4071, 4072, 4073, 4074, 4075, 4076, 4077, 4078, 4079, 4083, 4134, 4158, 4174, 4306, 4333, 4339, 4353, 4365, 4395, 4396, 4397, 4398, 4399, 4400, 4401, 4402, 4403, 4404, 4405, 4406, 4407, 4408, 4409, 4450, 4500, 4501, 4502, 4503, 4504, 4505, 4506, 4507, 4508, 4509, 4510, 4511, 4512, 4513, 4514, 4542, 4657, 4699, 4755, 4830, 4831, 4832, 4833, 4834, 4835, 4836, 4837, 4838, 4839, 4840, 4841, 4842, 4843, 4844, 4862, 4903, 4926, 5142, 5219, 5221, 5289, 5318, 
2151, 2247, 2324, 2411, 3457, 3471, 3549, 3609, 3748, 3809, 3813, 3843, 3954, 3974, 4065, 4083, 4134, 4158, 4174, 4306, 4333, 4339, 4353, 4365, 4395, 4396, 4397, 4398, 4399, 4400, 4401, 4402, 4403, 4404, 4405, 4406, 4407, 4408, 4409, 4450, 4513, 4542, 4657, 4699, 4755, 4830, 4831, 4832, 4833, 4834, 4835, 4836, 4837, 4838, 4839, 4840, 4841, 4842, 4843, 4844, 4862, 4903, 4926, 5142, 5219, 5221, 5289, 5318, 
2151, 2247, 2324, 2411, 3457, 3471, 3549, 3609, 3748, 3809, 3813, 3843, 3954, 3974, 3975, 3976, 3977, 3978, 3979, 3980, 3981, 3982, 3983, 3984, 3985, 3986, 3987, 3988, 3989, 4020, 4021, 4022, 4023, 4024, 4025, 4026, 4027, 4028, 4029, 4030, 4031, 4032, 4033, 4034, 4065, 4083, 4134, 4158, 4174, 4200, 4201, 4202, 4203, 4204, 4205, 4206, 4207, 4208, 4209, 4210, 4211, 4212, 4213, 4214, 4306, 4333, 4339, 4353, 4365, 4402, 4425, 4426, 4427, 4428, 4429, 4430, 4431, 4432, 4433, 4434, 4435, 4436, 4437, 4438, 4439, 4450, 4513, 4542, 4657, 4699, 4755, 4841, 4862, 4903, 5265, 5266, 5267, 5268, 5269, 5270, 5271, 5272, 5273, 5274, 5275, 5276, 5277, 5278, 5279, 5505, 5506, 5507, 5508, 5509, 5510, 5511, 5512, 5513, 5514, 5515, 5516, 5517, 5518, 5519, 
1965, 1966, 1967, 1968, 1969, 1970, 1971, 1972, 1973, 1974, 1975, 1976, 1977, 1978, 1979, 2151, 2160, 2161, 2162, 2163, 2164, 2165, 2166, 2167, 2168, 2169, 2170, 2171, 2172, 2173, 2174, 2247, 2280, 2281, 2282, 2283, 2284, 2285, 2286, 2287, 2288, 2289, 2290, 2291, 2292, 2293, 2294, 2295, 2296, 2297, 2298, 2299, 2300, 2301, 2302, 2303, 2304, 2305, 2306, 2307, 2308, 2309, 2324, 2325, 2326, 2327, 2328, 2329, 2330, 2331, 2332, 2333, 2334, 2335, 2336, 2337, 2338, 2339, 2411, 3457, 3471, 3549, 3609, 3748, 3809, 3813, 3843, 3954, 3974, 4020, 4021, 4022, 4023, 4024, 4025, 4026, 4027, 4028, 4029, 4030, 4031, 4032, 4033, 4034, 4065, 4083, 4134, 4158, 4174, 4306, 4333, 4339, 4353, 4365, 4402, 4450, 4513, 4542, 4657, 4699, 4755, 4841, 4862, 4903, 
1695, 1696, 1697, 1698, 1699, 1700, 1701, 1702, 1703, 1704, 1705, 1706, 1707, 1708, 1709, 1785, 1786, 1787, 1788, 1789, 1790, 1791, 1792, 1793, 1794, 1795, 1796, 1797, 1798, 1799, 1800, 1801, 1802, 1803, 1804, 1805, 1806, 1807, 1808, 1809, 1810, 1811, 1812, 1813, 1814, 2151, 2160, 2161, 2162, 2163, 2164, 2165, 2166, 2167, 2168, 2169, 2170, 2171, 2172, 2173, 2174, 2247, 2280, 2281, 2282, 2283, 2284, 2285, 2286, 2287, 2288, 2289, 2290, 2291, 2292, 2293, 2294, 2324, 2411, 3457, 3471, 3549, 3609, 3748, 3809, 3813, 3843, 3954, 3974, 4020, 4021, 4022, 4023, 4024, 4025, 4026, 4027, 4028, 4029, 4030, 4031, 4032, 4033, 4034, 4065, 4083, 4134, 4158, 4174, 4306, 4333, 4339, 4353, 4365, 4402, 4450, 4513, 4542, 4657, 4699, 4755, 4841, 4862, 4903, 
945, 946, 947, 948, 949, 950, 951, 952, 953, 954, 955, 956, 957, 958, 959, 1230, 1231, 1232, 1233, 1234, 1235, 1236, 1237, 1238, 1239, 1240, 1241, 1242, 1243, 1244, 1245, 1246, 1247, 1248, 1249, 1250, 1251, 1252, 1253, 1254, 1255, 1256, 1257, 1258, 1259, 2151, 2160, 2161, 2162, 2163, 2164, 2165, 2166, 2167, 2168, 2169, 2170, 2171, 2172, 2173, 2174, 2247, 2280, 2281, 2282, 2283, 2284, 2285, 2286, 2287, 2288, 2289, 2290, 2291, 2292, 2293, 2294, 2324, 2411, 3457, 3471, 3549, 3609, 3748, 3809, 3813, 3843, 3954, 3974, 4034, 4065, 4083, 4134, 4158, 4174, 4306, 4333, 4339, 4353, 4365, 4402, 4450, 4513, 4542, 4657, 4699, 4755, 4841, 4862, 4903, 
60, 61, 62, 63, 64, 65, 66, 67, 68, 69, 70, 71, 72, 73, 74, 225, 226, 227, 228, 229, 230, 231, 232, 233, 234, 235, 236, 237, 238, 239, 300, 301, 302, 303, 304, 305, 306, 307, 308, 309, 310, 311, 312, 313, 314, 2151, 2172, 2247, 2289, 2324, 2411, 3457, 3471, 3549, 3609, 3748, 3809, 3813, 3843, 3954, 3974, 4034, 4065, 4083, 4134, 4158, 4174, 4306, 4333, 4339, 4353, 4365, 4402, 4450, 4513, 4542, 4657, 4699, 4755, 4841, 4862, 4903, 
2151, 2172, 2247, 2289, 2324, 2411, 3457, 3471, 3549, 3609, 3748, 3809, 3813, 3843, 3954, 3974, 4034, 4065, 4083, 4134, 4158, 4174, 4306, 4333, 4339, 4353, 4365, 4402, 4450, 4513, 4542, 4657, 4699, 4755, 4841, 4862, 4903, 5289, 5318, 5505, 5506, 5507, 5508, 5509, 5510, 5511, 5512, 5513, 5514, 5515, 5516, 5517, 5518, 5519, 
2151, 2172, 2247, 2289, 2324, 2411, 3457, 3471, 3549, 3609, 3748, 3809, 3813, 3843, 3954, 3974, 4034, 4065, 4083, 4134, 4158, 4174, 4306, 4333, 4339, 4353, 4365, 4402, 4450, 4513, 4542, 4657, 4699, 4755, 4841, 4862, 4903, 5289, 5318, 5505, 5506, 5507, 5508, 5509, 5510, 5511, 5512, 5513, 5514, 5515, 5516, 5517, 5518, 5519, 
2151, 2172, 2247, 2289, 2324, 2411, 3457, 3471, 3549, 3609, 3748, 3809, 3813, 3843, 3954, 3974, 4034, 4065, 4083, 4134, 4158, 4174, 4306, 4333, 4339, 4353, 4365, 4402, 4450, 4513, 4542, 4657, 4699, 4755, 4841, 4862, 4903, 5289, 5318, 5505, 5506, 5507, 5508, 5509, 5510, 5511, 5512, 5513, 5514, 5515, 5516, 5517, 5518, 5519, 
2151, 2172, 2247, 2289, 2324, 2411, 3457, 3471, 3549, 3609, 3748, 3809, 3813, 3843, 3954, 3974, 4034, 4065, 4083, 4134, 4158, 4174, 4306, 4333, 4339, 4353, 4365, 4402, 4450, 4513, 4542, 4657, 4699, 4755, 4841, 4862, 4903, 5318, 5355, 5356, 5357, 5358, 5359, 5360, 5361, 5362, 5363, 5364, 5365, 5366, 5367, 5368, 5369, 5516, 
2151, 2172, 2247, 2289, 2324, 2411, 2775, 2776, 2777, 2778, 2779, 2780, 2781, 2782, 2783, 2784, 2785, 2786, 2787, 2788, 2789, 2790, 2791, 2792, 2793, 2794, 2795, 2796, 2797, 2798, 2799, 2800, 2801, 2802, 2803, 2804, 3457, 3471, 3510, 3511, 3512, 3513, 3514, 3515, 3516, 3517, 3518, 3519, 3520, 3521, 3522, 3523, 3524, 3549, 3609, 3748, 3809, 3813, 3843, 3954, 3974, 4034, 4065, 4083, 4134, 4158, 4174, 4306, 4333, 4339, 4353, 4365, 4402, 4450, 4513, 4542, 4657, 4699, 4755, 4841, 4862, 4903, 
2151, 2172, 2247, 2289, 2324, 2411, 2445, 2446, 2447, 2448, 2449, 2450, 2451, 2452, 2453, 2454, 2455, 2456, 2457, 2458, 2459, 2475, 2476, 2477, 2478, 2479, 2480, 2481, 2482, 2483, 2484, 2485, 2486, 2487, 2488, 2489, 3457, 3471, 3510, 3511, 3512, 3513, 3514, 3515, 3516, 3517, 3518, 3519, 3520, 3521, 3522, 3523, 3524, 3549, 3609, 3748, 3809, 3813, 3843, 3954, 3974, 4034, 4065, 4083, 4134, 4158, 4174, 4306, 4333, 4339, 4353, 4365, 4402, 4450, 4513, 4542, 4657, 4699, 4755, 4841, 4862, 4903, 
1905, 1906, 1907, 1908, 1909, 1910, 1911, 1912, 1913, 1914, 1915, 1916, 1917, 1918, 1919, 2025, 2026, 2027, 2028, 2029, 2030, 2031, 2032, 2033, 2034, 2035, 2036, 2037, 2038, 2039, 2151, 2172, 2247, 2289, 2324, 2411, 3457, 3471, 3510, 3511, 3512, 3513, 3514, 3515, 3516, 3517, 3518, 3519, 3520, 3521, 3522, 3523, 3524, 3549, 3609, 3748, 3809, 3813, 3843, 3954, 3974, 4034, 4065, 4083, 4134, 4158, 4174, 4306, 4333, 4339, 4353, 4365, 4402, 4450, 4513, 4542, 4657, 4699, 4755, 4841, 4862, 4903, 
1605, 1606, 1607, 1608, 1609, 1610, 1611, 1612, 1613, 1614, 1615, 1616, 1617, 1618, 1619, 1635, 1636, 1637, 1638, 1639, 1640, 1641, 1642, 1643, 1644, 1645, 1646, 1647, 1648, 1649, 2151, 2172, 2247, 2289, 2324, 2411, 3457, 3471, 3513, 3549, 3609, 3748, 3809, 3813, 3843, 3954, 3974, 4034, 4065, 4083, 4134, 4158, 4174, 4306, 4333, 4339, 4353, 4365, 4402, 4450, 4513, 4542, 4657, 4699, 4755, 4841, 4862, 4903, 
1365, 1366, 1367, 1368, 1369, 1370, 1371, 1372, 1373, 1374, 1375, 1376, 1377, 1378, 1379, 1395, 1396, 1397, 1398, 1399, 1400, 1401, 1402, 1403, 1404, 1405, 1406, 1407, 1408, 1409, 2151, 2172, 2247, 2289, 2324, 2411, 3457, 3471, 3513, 3549, 3609, 3748, 3809, 3813, 3843, 3954, 3974, 4034, 4065, 4083, 4134, 4158, 4174, 4306, 4333, 4339, 4353, 4365, 4402, 4450, 4513, 4542, 4657, 4699, 4755, 4841, 4862, 4903, 
30, 31, 32, 33, 34, 35, 36, 37, 38, 39, 40, 41, 42, 43, 44, 75, 76, 77, 78, 79, 80, 81, 82, 83, 84, 85, 86, 87, 88, 89, 150, 151, 152, 153, 154, 155, 156, 157, 158, 159, 160, 161, 162, 163, 164, 195, 196, 197, 198, 199, 200, 201, 202, 203, 204, 205, 206, 207, 208, 209, 285, 286, 287, 288, 289, 290, 291, 292, 293, 294, 295, 296, 297, 298, 299, 345, 346, 347, 348, 349, 350, 351, 352, 353, 354, 355, 356, 357, 358, 359, 375, 376, 377, 378, 379, 380, 381, 382, 383, 384, 385, 386, 387, 388, 389, 465, 466, 467, 468, 469, 470, 471, 472, 473, 474, 475, 476, 477, 478, 479, 480, 481, 482, 483, 484, 485, 486, 487, 488, 489, 490, 491, 492, 493, 494, 495, 496, 497, 498, 499, 500, 501, 502, 503, 504, 505, 506, 507, 508, 509, 510, 511, 512, 513, 514, 515, 516, 517, 518, 519, 520, 521, 522, 523, 524, 540, 541, 542, 543, 544, 545, 546, 547, 548, 549, 550, 551, 552, 553, 554, 555, 556, 557, 558, 559, 560, 561, 562, 563, 564, 565, 566, 567, 568, 569, 720, 721, 722, 723, 724, 725, 726, 727, 728, 729, 730, 731, 732, 733, 734, 765, 766, 767, 768, 769, 770, 771, 772, 773, 774, 775, 776, 777, 778, 779, 840, 841, 842, 843, 844, 845, 846, 847, 848, 849, 850, 851, 852, 853, 854, 900, 901, 902, 903, 904, 905, 906, 907, 908, 909, 910, 911, 912, 913, 914, 960, 961, 962, 963, 964, 965, 966, 967, 968, 969, 970, 971, 972, 973, 974, 1020, 1021, 1022, 1023, 1024, 1025, 1026, 1027, 1028, 1029, 1030, 1031, 1032, 1033, 1034, 1050, 1051, 1052, 1053, 1054, 1055, 1056, 1057, 1058, 1059, 1060, 1061, 1062, 1063, 1064, 4065, 4083, 4134, 4158, 4174, 4306, 4333, 4339, 4353, 4365, 4402, 4450, 4513, 4542, 4657, 4699, 4755, 4841, 4862, 4903, 
2151, 2172, 2247, 2289, 2324, 2411, 3457, 3471, 3513, 3549, 3609, 3748, 3809, 3813, 3843, 3954, 3974, 4034, 4065, 4083, 4134, 4158, 4174, 4306, 4333, 4339, 4353, 4365, 4402, 4450, 4513, 4542, 4657, 4699, 4755, 4841, 4862, 4903, 5355, 5356, 5357, 5358, 5359, 5360, 5361, 5362, 5363, 5364, 5365, 5366, 5367, 5368, 5369, 5505, 5506, 5507, 5508, 5509, 5510, 5511, 5512, 5513, 5514, 5515, 5516, 5517, 5518, 5519, 
2151, 2172, 2247, 2289, 2324, 2411, 3457, 3471, 3513, 3549, 3609, 3748, 3809, 3813, 3843, 3954, 3974, 4034, 4065, 4083, 4134, 4158, 4174, 4306, 4333, 4339, 4353, 4365, 4402, 4450, 4513, 4542, 4657, 4699, 4755, 4841, 4862, 4903, 5355, 5356, 5357, 5358, 5359, 5360, 5361, 5362, 5363, 5364, 5365, 5366, 5367, 5368, 5369, 5505, 5506, 5507, 5508, 5509, 5510, 5511, 5512, 5513, 5514, 5515, 5516, 5517, 5518, 5519, 
2151, 2172, 2247, 2289, 2324, 2411, 3457, 3471, 3513, 3549, 3609, 3748, 3809, 3813, 3843, 3954, 3974, 4034, 4065, 4083, 4134, 4158, 4174, 4306, 4333, 4339, 4353, 4365, 4402, 4450, 4513, 4542, 4657, 4699, 4755, 4841, 4862, 4903, 5355, 5356, 5357, 5358, 5359, 5360, 5361, 5362, 5363, 5364, 5365, 5366, 5367, 5368, 5369, 5505, 5506, 5507, 5508, 5509, 5510, 5511, 5512, 5513, 5514, 5515, 5516, 5517, 5518, 5519, 
2151, 2172, 2247, 2289, 2324, 2411, 3457, 3471, 3513, 3549, 3609, 3748, 3809, 3813, 3843, 3954, 3974, 4034, 4065, 4083, 4134, 4158, 4174, 4306, 4333, 4339, 4353, 4365, 4402, 4450, 4513, 4542, 4657, 4699, 4755, 4841, 4862, 4903, 5364, 5516, 
2151, 2172, 2247, 2289, 2324, 2411, 3457, 3471, 3513, 3549, 3609, 3748, 3809, 3813, 3843, 3954, 3974, 4034, 4065, 4083, 4134, 4158, 4174, 4306, 4333, 4339, 4353, 4365, 4402, 4450, 4513, 4542, 4657, 4699, 4755, 4841, 4862, 4903, 5364, 5516, 
2151, 2172, 2247, 2289, 2324, 2411, 3457, 3471, 3513, 3549, 3609, 3748, 3809, 3813, 3843, 3954, 3974, 4034, 4065, 4083, 4134, 4158, 4174, 4306, 4333, 4339, 4353, 4365, 4402, 4450, 4513, 4542, 4657, 4699, 4755, 4841, 4862, 4903, 5364, 5516, 
2151, 2172, 2247, 2289, 2324, 2411, 3457, 3471, 3513, 3549, 3609, 3748, 3809, 3813, 3843, 3954, 3974, 4034, 4065, 4083, 4134, 4158, 4174, 4306, 4333, 4339, 4353, 4365, 4402, 4450, 4513, 4542, 4657, 4699, 4755, 4841, 4862, 4903, 5364, 5516, 
2151, 2172, 2247, 2289, 2324, 2411, 3457, 3471, 3513, 3549, 3609, 3748, 3809, 3813, 3843, 3954, 3974, 4034, 4065, 4083, 4134, 4158, 4174, 4306, 4333, 4339, 4353, 4365, 4402, 4450, 4513, 4542, 4657, 4699, 4755, 4841, 4862, 4903, 5364, 5516, 
2151, 2172, 2247, 2289, 2324, 2411, 3457, 3471, 3513, 3549, 3609, 3748, 3809, 3813, 3843, 3954, 3974, 4034, 4065, 4083, 4134, 4158, 4174, 4306, 4333, 4339, 4353, 4365, 4402, 4450, 4513, 4542, 4657, 4699, 4755, 4841, 4862, 4903, 30435, 30436, 30437, 30438, 30439, 30440, 30441, 30442, 30443, 30444, 30445, 30446, 30447, 30448, 30449, 30450, 30451, 30452, 30453, 30454, 30455, 30456, 30457, 30458, 30459, 30460, 30461, 30462, 30463, 30464, 
2151, 2172, 2247, 2289, 2324, 2411, 3457, 3471, 3513, 3549, 3609, 3748, 3809, 3813, 3843, 3954, 3974, 4034, 4065, 4083, 4134, 4158, 4174, 4306, 4333, 4339, 4353, 4365, 4402, 4450, 4513, 4542, 4657, 4699, 4755, 4841, 4862, 4903, 29970, 29971, 29972, 29973, 29974, 29975, 29976, 29977, 29978, 29979, 29980, 29981, 29982, 29983, 29984, 30195, 30196, 30197, 30198, 30199, 30200, 30201, 30202, 30203, 30204, 30205, 30206, 30207, 30208, 30209, 
2151, 2172, 2247, 2289, 2324, 2411, 3420, 3421, 3422, 3423, 3424, 3425, 3426, 3427, 3428, 3429, 3430, 3431, 3432, 3433, 3434, 3457, 3471, 3513, 3549, 3609, 3748, 3809, 3813, 3843, 3954, 3974, 4034, 4065, 4083, 4134, 4158, 4174, 4306, 4333, 4339, 4353, 4365, 4402, 4450, 4513, 4542, 4657, 4680, 4681, 4682, 4683, 4684, 4685, 4686, 4687, 4688, 4689, 4690, 4691, 4692, 4693, 4694, 4699, 4755, 4841, 4862, 4903, 
2151, 2172, 2247, 2289, 2324, 2411, 3420, 3421, 3422, 3423, 3424, 3425, 3426, 3427, 3428, 3429, 3430, 3431, 3432, 3433, 3434, 3457, 3471, 3513, 3549, 3609, 3748, 3809, 3813, 3843, 3954, 3974, 4034, 4065, 4083, 4134, 4158, 4174, 4306, 4333, 4339, 4353, 4365, 4402, 4450, 4513, 4542, 4657, 4680, 4681, 4682, 4683, 4684, 4685, 4686, 4687, 4688, 4689, 4690, 4691, 4692, 4693, 4694, 4699, 4755, 4841, 4862, 4903, 
2151, 2172, 2247, 2289, 2324, 2411, 3420, 3421, 3422, 3423, 3424, 3425, 3426, 3427, 3428, 3429, 3430, 3431, 3432, 3433, 3434, 3457, 3471, 3513, 3549, 3609, 3748, 3809, 3813, 3843, 3954, 3974, 4034, 4065, 4083, 4134, 4158, 4174, 4306, 4333, 4339, 4353, 4365, 4402, 4450, 4513, 4542, 4657, 4680, 4681, 4682, 4683, 4684, 4685, 4686, 4687, 4688, 4689, 4690, 4691, 4692, 4693, 4694, 4699, 4755, 4841, 4862, 4903, 
2151, 2172, 2247, 2289, 2324, 2411, 3425, 3457, 3471, 3513, 3549, 3609, 3748, 3809, 3813, 3843, 3954, 3974, 4034, 4065, 4083, 4134, 4158, 4174, 4306, 4333, 4339, 4353, 4365, 4402, 4450, 4513, 4542, 4657, 4690, 4699, 4755, 4841, 4862, 4903, 
2151, 2172, 2247, 2289, 2324, 2411, 3425, 3457, 3471, 3513, 3549, 3609, 3748, 3809, 3813, 3843, 3954, 3974, 4034, 4065, 4083, 4134, 4158, 4174, 4306, 4333, 4339, 4353, 4365, 4402, 4450, 4513, 4542, 4657, 4690, 4699, 4755, 4841, 4862, 4903, 
2151, 2172, 2247, 2289, 2324, 2411, 3425, 3457, 3471, 3513, 3549, 3609, 3748, 3809, 3813, 3843, 3954, 3974, 4034, 4065, 4083, 4134, 4158, 4174, 4306, 4333, 4339, 4353, 4365, 4402, 4450, 4513, 4542, 4657, 4690, 4699, 4755, 4841, 4862, 4903, 
2151, 2172, 2247, 2289, 2324, 2411, 3425, 3457, 3471, 3513, 3549, 3609, 3748, 3809, 3813, 3843, 3954, 3974, 4034, 4065, 4083, 4134, 4158, 4174, 4306, 4333, 4339, 4353, 4365, 4402, 4450, 4513, 4542, 4657, 4690, 4699, 4755, 4841, 4862, 4903, 
210, 211, 212, 213, 214, 215, 216, 217, 218, 219, 220, 221, 222, 223, 224, 240, 241, 242, 243, 244, 245, 246, 247, 248, 249, 250, 251, 252, 253, 254, 270, 271, 272, 273, 274, 275, 276, 277, 278, 279, 280, 281, 282, 283, 284, 600, 601, 602, 603, 604, 605, 606, 607, 608, 609, 610, 611, 612, 613, 614, 645, 646, 647, 648, 649, 650, 651, 652, 653, 654, 655, 656, 657, 658, 659, 810, 811, 812, 813, 814, 815, 816, 817, 818, 819, 820, 821, 822, 823, 824, 885, 886, 887, 888, 889, 890, 891, 892, 893, 894, 895, 896, 897, 898, 899, 975, 976, 977, 978, 979, 980, 981, 982, 983, 984, 985, 986, 987, 988, 989, 1155, 1156, 1157, 1158, 1159, 1160, 1161, 1162, 1163, 1164, 1165, 1166, 1167, 1168, 1169, 1185, 1186, 1187, 1188, 1189, 1190, 1191, 1192, 1193, 1194, 1195, 1196, 1197, 1198, 1199, 1455, 1456, 1457, 1458, 1459, 1460, 1461, 1462, 1463, 1464, 1465, 1466, 1467, 1468, 1469, 3609, 3748, 3809, 3813, 3843, 3954, 3974, 4034, 4065, 4083, 4134, 4158, 4174, 4306, 4333, 4339, 4353, 4365, 4402, 4450, 4513, 4542, 4657, 4690, 4699, 4755, 4841, 4862, 4903, 
2151, 2172, 2247, 2289, 2324, 2411, 3425, 3457, 3471, 3513, 3549, 3609, 3748, 3809, 3813, 3843, 3954, 3974, 4034, 4065, 4083, 4134, 4158, 4174, 4306, 4333, 4339, 4353, 4365, 4402, 4450, 4513, 4542, 4657, 4690, 4699, 4755, 4841, 4862, 4903, 
2151, 2172, 2247, 2289, 2324, 2411, 3425, 3457, 3471, 3513, 3549, 3609, 3748, 3809, 3813, 3843, 3954, 3974, 4034, 4065, 4083, 4134, 4158, 4174, 4306, 4333, 4339, 4353, 4365, 4402, 4450, 4513, 4542, 4657, 4690, 4699, 4755, 4841, 4862, 4903, 
2151, 2172, 2247, 2289, 2324, 2411, 3425, 3457, 3471, 3513, 3549, 3609, 3748, 3809, 3813, 3843, 3954, 3974, 4034, 4065, 4083, 4134, 4158, 4174, 4306, 4333, 4339, 4353, 4365, 4402, 4450, 4513, 4542, 4657, 4690, 4699, 4755, 4841, 4862, 4903, 
